1,59.28
2,47.4
3,22.12
4,96.16
5,63.39
6,70.94
7,67.27
8,46.46
9,57.67
10,19.63
1,17.16
2,18.73
3,54.81
4,38.39
5,46.61
6,34.97
7,82.77
8,77.41
9,18.14
10,65.26
11,19.24
12,56.39
13,69.68
14,5.62
15,61.45
16,4.02
17,14.47
18,85.49
19,4.12
20,65.73
21,47.8
22,96.65
23,9.88
24,14.77
25,35.59
26,75.33
27,24.3
28,9.89
29,43.39
30,60.14
31,10.74
32,16.02
33,43.02
34,15.61
35,78.96
36,25.52
37,40.03
38,42.11
39,58.58
40,38.67
41,59.93
42,25.13
43,16.08
44,69.81
45,14.87
46,88.68
47,55.75
48,2.58
49,88.06
50,13.25
51,15.57
52,7.08
53,83.79
54,78.33
55,9.26
56,57.77
57,29.61
58,16.39
59,75.07
60,96.21
61,59.87
62,30.52
63,70.78
64,50.12
65,15.03
66,57.95
67,11.93
68,2.49
69,28.23
70,88.65
71,89.84
72,14.94
73,71.65
74,39.69
75,24.93
76,56.02
77,48.2
78,9.23
79,53.7
80,12.91
81,1.49
82,54.32
83,27.04
84,0.97
85,95.87
86,82.47
87,25.72
88,29.47
89,61.5
90,34.27
91,76.78
92,8.36
93,82.28
94,10.95
95,6.84
96,0.68
97,77.6
98,20.59
99,33.73
100,34.23
101,43.26
102,1.64
103,68.55
104,61.94
105,62.68
106,13.55
107,57.5
108,94.37
109,78.08
110,79.19
111,77.06
112,45.85
113,85.14
114,96.2
115,84.71
116,75.93
117,89.0
118,29.96
119,60.78
120,25.31
121,56.9
122,60.04
123,0.28
124,67.76
125,18.09
126,52.7
127,20.73
128,51.39
129,34.96
130,25.48
131,69.26
132,45.23
133,7.87
134,28.06
135,13.75
136,41.59
137,20.94
138,92.74
139,81.76
140,47.51
141,3.34
142,19.75
143,49.74
144,46.72
145,66.2
146,97.43
147,79.51
148,51.25
149,3.56
150,87.44
151,27.22
152,45.15
153,60.17
154,79.15
155,70.97
156,86.45
157,66.02
158,77.56
159,81.54
160,79.67
161,86.79
162,33.45
163,4.76
164,82.6
165,84.43
166,58.41
167,65.58
168,70.23
169,39.35
170,48.41
171,8.02
172,92.26
173,5.08
174,26.36
175,72.13
176,98.05
177,30.89
178,75.59
179,81.4
180,6.7
181,47.38
182,71.71
183,76.23
184,18.21
185,73.47
186,70.54
187,36.62
188,78.32
189,40.26
190,74.79
191,49.02
192,32.44
193,49.96
194,17.89
195,46.88
196,18.37
197,72.06
198,69.55
199,9.65
200,55.2
201,30.9
202,32.06
203,29.07
204,2.5
205,93.15
206,93.29
207,20.79
208,7.29
209,36.27
210,53.81
211,97.55
212,14.51
213,11.25
214,27.52
215,26.52
216,9.38
217,24.17
218,80.92
219,85.78
220,18.14
221,54.91
222,12.69
223,25.39
224,50.19
225,94.31
226,27.71
227,63.81
228,1.16
229,96.55
230,68.54
231,23.94
232,78.9
233,49.41
234,9.69
235,9.58
236,3.42
237,20.31
238,96.05
239,42.81
240,90.78
241,14.72
242,84.89
243,4.07
244,19.15
245,8.49
246,64.67
247,1.57
248,36.28
249,30.87
250,13.68
251,61.76
252,53.77
253,76.48
254,53.75
255,59.66
256,53.29
257,75.32
258,47.5
259,10.68
260,95.83
261,37.07
262,14.59
263,78.27
264,92.2
265,75.33
266,72.19
267,9.93
268,73.89
269,93.21
270,59.3
271,98.82
272,94.05
273,66.69
274,95.92
275,50.73
276,33.88
277,37.85
278,3.74
279,54.75
280,29.85
281,91.96
282,8.74
283,66.04
284,41.12
285,50.99
286,89.31
287,36.87
288,34.76
289,95.67
290,92.76
291,47.72
292,81.25
293,73.34
294,70.45
295,72.15
296,29.17
297,34.9
298,23.37
299,67.42
300,45.24
301,20.86
302,46.69
303,26.31
304,90.92
305,63.51
306,57.29
307,81.46
308,66.25
309,48.1
310,98.38
311,41.15
312,51.73
313,32.15
314,12.72
315,43.97
316,92.67
317,77.59
318,11.14
319,39.08
320,24.38
321,1.9
322,0.45
323,90.18
324,79.17
325,53.23
326,54.21
327,71.51
328,10.41
329,0.52
330,59.38
331,35.1
332,13.06
333,56.81
334,64.04
335,59.95
336,67.12
337,32.25
338,50.62
339,33.23
340,61.38
341,35.46
342,33.98
343,47.8
344,1.16
345,78.41
346,6.88
347,7.94
348,51.99
349,30.73
350,12.26
351,17.36
352,93.33
353,76.93
354,8.59
355,19.52
356,46.8
357,13.86
358,26.02
359,28.65
360,38.32
361,68.47
362,77.4
363,31.82
364,72.59
365,75.53
366,73.92
367,61.26
368,88.79
369,68.16
370,13.48
371,51.13
372,84.6
373,1.78
374,72.41
375,52.55
376,90.03
377,85.89
378,24.95
379,70.1
380,59.36
381,3.34
382,92.47
383,96.63
384,7.68
385,14.71
386,37.53
387,7.07
388,20.11
389,76.95
390,12.85
391,53.33
392,9.63
393,74.66
394,33.49
395,90.95
396,58.59
397,39.57
398,81.8
399,35.29
400,22.79
401,48.47
402,27.42
403,20.64
404,28.7
405,40.62
406,66.59
407,12.23
408,44.59
409,18.48
410,58.98
411,97.63
412,58.82
413,65.22
414,80.03
415,94.84
416,23.44
417,3.29
418,39.23
419,1.9
420,73.07
421,1.22
422,56.99
423,20.33
424,78.96
425,41.11
426,2.47
427,60.91
428,39.54
429,24.81
430,59.98
431,32.05
432,60.59
433,56.64
434,1.08
435,43.64
436,45.58
437,78.13
438,52.68
439,99.6
440,35.55
441,64.72
442,69.39
443,95.94
444,30.45
445,71.7
446,95.01
447,38.74
448,57.3
449,41.55
450,61.1
451,62.29
452,61.73
453,94.82
454,32.61
455,79.03
456,33.1
457,57.17
458,14.26
459,30.88
460,36.75
461,28.45
462,72.6
463,32.49
464,41.4
465,65.99
466,53.39
467,85.94
468,68.46
469,35.32
470,6.0
471,64.68
472,1.21
473,14.07
474,31.26
475,51.83
476,63.92
477,57.17
478,92.54
479,97.96
480,98.98
481,72.18
482,72.27
483,8.99
484,40.9
485,31.49
486,34.46
487,61.52
488,56.31
489,43.1
490,73.25
491,73.07
492,66.65
493,55.52
494,76.49
495,59.57
1,40.44
2,86.85
3,15.54
4,40.63
5,17.84
6,64.1
7,28.77
8,8.78
9,92.04
10,95.28
11,89.63
12,96.41
13,94.6
14,99.74
15,51.96
16,96.15
17,60.23
18,57.0
19,48.31
20,30.06
21,87.18
22,50.59
23,5.53
24,92.42
25,67.62
26,7.99
27,4.76
28,1.26
29,68.45
30,75.63
31,69.11
32,23.8
33,6.68
34,93.18
35,4.15
36,14.98
37,91.89
38,16.43
39,88.62
40,46.93
41,78.69
42,91.31
43,66.85
44,32.15
45,62.5
46,55.2
47,73.21
48,44.18
49,25.67
50,52.31
51,85.44
52,79.44
53,58.02
54,83.37
55,24.66
56,40.36
57,62.25
58,67.9
59,14.42
60,69.93
61,51.25
62,53.75
63,67.55
64,85.76
65,16.6
66,20.07
67,2.43
68,63.93
69,63.04
70,76.21
71,92.1
72,31.46
73,59.04
74,31.64
75,45.95
76,1.02
77,55.74
78,37.11
79,86.73
80,68.32
81,1.42
82,69.51
83,6.27
84,70.12
85,14.86
86,2.43
87,99.38
88,0.97
89,24.79
90,73.41
91,12.63
92,21.36
93,13.0
94,70.18
95,55.31
96,20.09
97,94.26
98,10.71
99,63.95
100,45.19
101,77.98
102,75.2
103,65.99
104,53.6
105,25.63
106,77.81
107,46.97
108,82.74
109,27.27
110,61.53
111,83.7
112,6.22
113,84.26
114,67.0
115,47.24
116,98.6
117,95.44
118,39.68
119,56.27
120,20.77
121,99.88
122,94.1
123,61.16
124,64.3
125,81.89
126,16.34
127,12.79
128,56.26
129,58.03
130,56.29
131,22.35
132,28.77
133,2.01
134,98.98
135,69.99
136,36.03
137,96.3
138,62.1
139,58.28
140,16.96
141,15.18
142,71.24
143,61.07
144,23.96
145,19.58
146,80.62
147,8.42
148,57.62
149,40.03
150,85.32
151,45.35
152,89.72
153,3.48
154,71.37
155,59.34
156,62.9
157,19.65
158,32.03
159,24.06
160,41.05
161,78.32
162,39.11
163,0.56
164,41.15
165,66.23
166,89.73
167,48.0
168,6.71
169,76.45
170,45.93
171,67.68
172,6.6
173,66.28
174,90.97
175,3.8
176,12.86
177,84.78
178,19.83
179,32.38
180,39.94
181,80.76
182,68.24
183,0.9
184,95.45
185,81.32
186,1.25
187,11.11
188,54.93
189,83.79
190,16.33
191,70.91
192,38.08
193,60.53
194,77.7
195,30.76
196,75.38
197,12.5
198,62.04
199,41.84
200,74.24
201,94.71
202,93.77
203,89.26
204,93.14
205,2.76
206,47.25
207,51.42
208,73.71
209,10.52
210,66.24
211,72.15
212,41.79
213,90.06
214,1.08
215,93.98
216,98.94
217,53.31
218,59.41
219,27.44
220,96.45
221,4.6
222,54.53
223,62.07
224,58.37
225,48.31
226,53.72
227,83.12
228,39.49
229,91.4
230,8.5
231,25.89
232,57.67
233,51.96
234,2.14
235,87.96
236,3.38
237,35.53
238,51.21
239,87.0
240,24.35
241,94.87
242,46.33
243,14.83
244,39.42
245,34.18
246,84.47
247,75.28
248,26.5
249,77.85
250,31.13
251,97.94
252,53.47
253,42.03
254,63.56
255,54.36
256,34.68
257,45.73
258,80.65
259,75.78
260,16.95
261,95.41
262,29.37
263,73.57
264,58.18
265,10.19
266,100.0
267,56.04
268,26.85
269,5.58
270,4.98
271,64.4
272,0.2
273,35.44
274,8.97
275,8.02
276,92.25
277,98.77
278,83.86
279,92.96
280,22.75
281,83.44
282,49.41
283,41.46
284,2.4
285,32.63
286,10.78
287,27.44
288,74.99
289,36.39
290,92.57
291,5.0
292,19.03
293,56.12
294,75.54
295,9.24
296,53.13
297,78.74
298,50.93
299,24.55
300,54.04
301,10.35
302,11.85
303,68.3
304,4.09
305,42.81
306,49.65
307,24.61
308,88.74
309,53.65
310,46.35
311,38.17
312,91.51
313,83.64
314,40.73
315,16.2
316,86.5
317,14.7
318,59.42
319,79.84
320,16.62
321,9.39
322,10.68
323,29.56
324,74.26
325,50.47
326,85.48
327,22.12
328,19.16
329,47.16
330,32.1
331,26.3
332,79.59
333,62.74
334,98.87
335,6.33
336,53.0
337,31.39
338,27.63
339,9.0
340,87.98
341,7.94
342,28.37
343,88.44
344,85.49
345,38.63
346,22.77
347,26.92
348,25.52
349,37.93
350,73.07
351,79.16
352,31.4
353,47.82
354,81.64
355,99.44
356,99.8
357,5.95
358,43.71
359,68.65
360,31.12
361,94.3
362,81.93
363,93.16
364,63.62
365,0.27
366,19.98
367,63.47
368,71.43
369,26.99
370,94.55
371,58.31
372,44.19
373,37.36
374,34.54
375,84.83
376,74.64
377,46.57
378,55.36
379,75.04
380,52.95
381,24.61
382,92.52
383,42.62
384,15.65
385,76.93
386,98.38
387,58.65
388,55.69
389,69.67
390,4.94
391,4.54
392,90.72
393,50.53
394,47.29
395,24.25
396,32.35
397,15.22
398,83.29
399,81.29
400,89.87
401,59.54
402,27.13
403,25.17
404,56.26
405,31.86
406,76.82
407,52.79
408,9.26
409,5.87
410,41.28
411,34.88
412,75.29
413,18.01
414,88.43
415,97.58
416,24.17
417,55.01
418,31.45
419,39.3
420,65.17
421,0.05
422,91.28
423,37.6
424,92.91
425,61.82
426,52.27
427,51.35
428,32.95
429,12.89
430,40.24
431,15.18
432,96.81
433,48.84
434,74.7
435,38.95
436,61.13
437,60.93
438,59.12
439,6.78
440,7.18
441,13.05
442,21.35
443,13.61
444,50.32
445,84.76
446,92.14
447,5.82
448,83.17
449,89.57
450,29.16
451,78.66
452,47.28
453,69.81
454,79.56
455,9.37
456,91.94
457,11.49
458,21.11
459,74.23
460,93.06
461,41.93
462,11.71
463,7.89
464,52.08
465,96.23
466,79.96
467,51.55
468,53.06
469,2.93
470,2.84
471,42.14
472,10.56
473,39.1
474,76.07
475,53.1
476,17.6
477,36.99
478,68.89
479,59.01
480,5.36
481,11.98
482,45.51
483,52.05
484,26.07
485,60.17
486,49.32
487,42.89
488,95.78
489,77.63
490,84.81
491,25.47
492,55.27
493,17.71
494,38.23
495,99.07
496,45.35
497,66.39
498,45.74
499,66.81
500,51.7
501,64.18
502,94.38
503,75.35
504,97.04
505,59.07
506,35.12
507,14.34
508,63.71
509,53.55
510,59.65
511,30.92
512,68.53
513,23.5
514,22.17
515,96.58
516,47.4
517,70.87
518,70.13
519,0.42
520,54.54
521,11.98
522,32.34
523,1.13
524,0.43
525,93.89
526,37.0
527,37.77
528,64.27
529,21.27
530,62.2
531,16.44
532,41.25
533,99.48
534,12.11
535,20.43
536,75.01
537,60.1
538,13.88
539,82.67
540,89.61
541,30.46
542,15.45
543,60.17
544,19.07
545,69.7
546,2.54
547,31.63
548,3.59
549,1.62
550,54.16
551,99.48
552,27.28
553,2.03
554,72.33
555,23.85
556,65.45
557,24.06
558,99.05
559,74.7
560,22.29
561,56.47
562,72.5
563,81.79
564,96.0
565,99.86
566,13.15
567,94.39
568,39.43
569,38.47
570,2.6
571,80.11
572,82.66
573,90.15
574,76.68
575,62.1
576,56.72
577,30.06
578,92.63
579,89.65
580,16.54
581,49.97
582,93.41
583,51.69
584,63.01
585,88.7
586,79.99
587,24.12
588,17.4
589,62.69
590,98.47
591,53.59
592,35.68
593,57.35
594,2.24
595,64.37
596,47.11
597,77.07
598,28.96
599,7.8
600,57.0
601,17.45
602,77.11
603,3.32
604,64.21
605,66.47
606,69.99
607,76.8
608,57.49
609,25.3
610,27.66
611,90.89
612,59.1
613,70.41
614,29.91
615,56.08
616,65.42
617,86.31
618,46.09
619,83.62
620,38.82
621,5.68
622,59.92
623,89.59
624,46.16
625,35.78
626,85.27
627,19.38
628,18.81
629,83.47
630,86.84
631,86.02
632,32.38
633,65.33
634,60.1
635,94.02
636,87.13
637,0.39
638,30.88
639,55.49
640,45.87
641,33.55
642,75.73
643,47.91
644,88.02
645,40.82
646,26.81
647,64.63
648,0.23
649,8.35
650,93.32
651,23.83
652,11.05
653,44.19
654,65.01
655,87.75
656,75.81
657,9.78
658,67.75
659,16.17
660,22.23
661,84.54
662,45.6
663,13.96
664,42.9
665,45.2
666,1.91
667,77.52
668,25.87
669,12.47
670,27.85
671,57.85
672,89.41
673,81.64
674,30.68
675,7.98
676,78.7
677,91.9
678,13.22
679,36.53
680,45.27
681,87.96
682,13.33
683,59.81
684,41.25
685,42.42
686,53.84
687,86.83
688,28.54
689,78.18
690,4.14
691,35.99
692,7.25
693,97.99
694,3.24
695,94.36
696,49.71
697,34.83
698,59.09
699,47.96
700,95.28
701,87.78
702,55.46
703,35.77
704,19.57
705,80.71
706,75.55
707,48.59
708,24.32
709,96.78
710,8.93
711,14.36
712,46.97
713,46.89
714,81.73
715,58.52
716,42.56
717,96.51
718,63.9
719,69.96
720,71.66
721,23.38
722,98.96
723,10.6
724,67.16
725,36.19
726,5.32
727,33.2
728,84.75
729,62.41
730,9.75
731,59.6
732,48.82
733,22.98
734,27.83
735,59.2
736,5.99
737,22.26
738,45.94
739,98.24
740,89.75
741,56.39
742,30.65
743,11.27
744,58.49
745,42.47
746,55.79
747,59.65
748,97.74
749,13.83
750,64.05
751,47.8
752,36.86
753,16.47
754,75.79
755,55.04
756,67.98
757,95.55
758,65.09
759,31.75
760,46.89
761,36.82
762,58.55
763,81.3
764,87.56
765,64.03
766,54.29
767,23.64
768,98.34
769,26.69
770,90.41
771,77.5
772,1.52
773,57.87
774,35.77
775,75.33
776,56.12
777,14.21
778,23.81
779,13.9
780,34.23
781,16.36
782,21.85
783,17.28
784,88.57
785,16.14
786,9.64
787,32.62
788,12.63
789,64.72
790,36.74
791,80.59
792,70.56
793,27.82
794,64.53
795,67.27
796,62.73
797,39.93
798,46.53
799,92.84
800,13.63
801,32.18
802,86.34
803,25.54
804,76.48
805,91.31
806,85.57
807,5.55
808,7.41
809,22.39
810,7.04
811,88.23
812,15.05
813,46.79
814,35.94
815,27.34
816,57.08
817,63.68
818,44.11
819,61.59
820,81.58
821,81.0
822,74.31
823,63.38
824,96.27
825,47.25
826,62.83
827,26.79
828,61.84
829,68.71
830,23.67
831,22.61
832,31.02
833,18.38
834,85.91
835,88.74
836,42.69
837,7.24
838,31.97
839,32.6
840,27.77
841,24.98
842,9.58
843,81.25
844,75.21
845,61.54
846,14.04
847,30.28
848,9.32
849,92.22
850,76.54
851,50.35
852,89.87
853,48.04
854,5.97
855,9.2
856,99.91
857,56.27
858,18.85
859,65.92
860,42.57
861,36.63
862,43.51
863,35.26
864,35.87
865,38.2
866,32.38
867,46.16
868,59.56
869,9.87
870,3.28
871,14.66
872,4.38
873,40.9
874,87.32
875,78.77
876,92.11
877,14.84
878,56.38
879,36.49
880,63.58
881,34.07
882,76.61
883,54.99
884,46.38
885,48.32
886,40.53
887,66.07
888,76.28
889,20.53
890,12.84
891,91.07
892,95.59
893,72.15
894,41.48
895,28.47
896,7.74
897,77.49
898,43.02
899,68.25
900,40.53
901,64.47
902,28.65
903,76.03
904,68.27
905,75.68
906,79.75
907,4.21
908,46.29
909,4.5
910,50.22
911,69.53
912,40.58
913,34.89
914,40.8
915,41.48
916,54.39
917,19.06
918,83.63
919,83.53
920,40.12
921,50.22
922,43.11
923,76.83
924,59.46
925,22.58
926,44.98
927,33.93
928,49.29
929,21.81
930,12.48
931,32.37
932,9.4
933,8.76
934,98.55
935,46.37
936,88.3
937,26.38
938,0.43
939,38.83
940,20.92
941,42.82
942,73.93
943,23.25
944,58.99
945,73.75
946,26.54
947,95.74
948,77.62
949,38.88
950,67.35
951,84.3
952,21.83
953,22.7
954,5.0
955,82.31
956,49.19
957,60.9
958,35.14
959,23.26
960,68.15
961,93.76
962,6.2
963,99.38
964,68.21
965,12.52
966,47.37
967,7.32
968,36.28
969,76.3
970,31.65
971,88.36
972,66.45
973,4.56
974,46.77
975,55.28
976,96.76
977,32.01
978,25.87
979,56.03
980,5.95
981,51.85
982,25.52
983,88.82
984,54.19
985,93.15
986,7.72
987,31.65
988,36.15
989,94.98
990,33.96
991,93.09
992,33.28
993,14.58
994,62.34
995,81.77
996,39.38
997,78.02
998,6.2
999,40.54
1000,26.38
1001,4.4
1002,53.05
1003,75.82
1004,39.39
1005,11.48
1006,71.5
1007,55.96
1008,58.05
1009,98.98
1010,50.36
1011,72.79
1012,42.75
1013,52.25
1014,40.15
1015,52.06
1016,63.52
1017,41.18
1018,46.9
1019,85.89
1020,0.89
1021,90.88
1022,25.63
1023,61.08
1024,37.0
1025,68.51
1026,54.27
1027,18.17
1028,58.01
1029,28.57
1030,51.69
1031,43.7
1032,55.48
1033,25.01
1034,30.52
1035,31.16
1036,7.79
1037,98.09
1038,46.0
1039,90.84
1040,16.05
1041,89.45
1042,11.97
1043,77.07
1044,84.11
1045,22.78
1046,85.74
1047,70.07
1048,96.96
1049,74.48
1050,89.35
1051,52.87
1052,26.07
1053,43.79
1054,29.18
1055,43.12
1056,17.43
1057,40.3
1058,24.88
1059,74.3
1060,46.23
1061,26.82
1062,33.7
1063,80.61
1064,86.6
1065,7.41
1066,80.36
1067,0.15
1068,16.38
1069,86.34
1070,16.89
1071,10.81
1072,0.88
1073,43.34
1074,80.18
1075,47.86
1076,97.69
1077,33.93
1078,13.12
1079,93.58
1080,89.96
1081,22.93
1082,26.72
1083,20.55
1084,23.33
1085,2.45
1086,65.49
1087,95.66
1088,77.63
1089,81.76
1090,42.67
1091,51.63
1092,2.07
1093,13.53
1094,77.49
1095,96.64
1096,79.3
1097,30.12
1098,3.05
1099,83.54
1100,35.58
1101,86.53
1102,30.3
1103,35.63
1104,49.88
1105,43.95
1106,50.28
1107,92.57
1108,61.01
1109,63.74
1110,67.47
1111,99.42
1112,30.8
1113,53.64
1114,56.47
1115,69.71
1116,90.74
1117,53.1
1118,48.77
1119,4.44
1120,82.94
1121,70.03
1122,35.2
1123,90.37
1124,18.12
1125,90.38
1126,7.3
1127,9.06
1128,29.77
1129,63.02
1130,75.79
1131,81.96
1132,11.85
1133,7.83
1134,25.05
1135,50.06
1136,56.47
1137,57.48
1138,55.99
1139,20.48
1140,9.24
1141,98.66
1142,45.09
1143,53.56
1144,44.19
1145,52.07
1146,25.31
1147,20.79
1148,30.14
1149,58.6
1150,48.53
1151,95.9
1152,74.95
1153,86.14
1154,97.71
1155,57.63
1156,25.85
1157,20.34
1158,63.29
1159,80.69
1160,9.78
1161,24.95
1162,24.95
1163,12.64
1164,82.47
1165,76.95
1166,91.21
1167,29.85
1168,88.23
1169,23.78
1170,85.03
1171,1.03
1172,26.55
1173,93.77
1174,67.78
1175,92.66
1176,29.55
1177,37.98
1178,83.45
1179,48.52
1180,93.2
1181,38.58
1182,90.71
1183,23.29
1184,95.64
1185,25.52
1186,84.26
1187,58.39
1188,91.87
1189,61.05
1190,6.24
1191,4.79
1192,67.28
1193,99.86
1194,40.62
1195,20.84
1196,70.49
1197,21.95
1198,57.72
1199,53.6
1200,44.37
1201,44.74
1202,35.47
1203,20.52
1204,42.8
1205,60.42
1206,16.85
1207,59.67
1208,17.12
1209,69.22
1210,15.03
1211,83.73
1212,83.92
1213,91.53
1214,55.74
1215,41.45
1216,7.55
1217,33.28
1218,66.59
1219,96.88
1220,56.21
1221,88.59
1222,12.71
1223,78.26
1224,72.43
1225,21.06
1226,17.66
1227,21.1
1228,58.59
1229,19.55
1230,16.34
1231,13.54
1232,30.57
1233,97.17
1234,58.08
1235,98.11
1236,54.38
1237,22.7
1238,65.77
1239,58.16
1240,84.64
1241,53.08
1242,71.99
1243,71.56
1244,96.11
1245,74.44
1246,88.52
1247,20.43
1248,21.08
1249,85.84
1250,40.85
1251,8.65
1252,15.06
1253,10.67
1254,38.41
1255,65.56
1256,21.53
1257,50.49
1258,54.52
1259,60.48
1260,82.81
1261,25.0
1262,9.84
1263,62.36
1264,63.9
1265,28.06
1266,46.18
1267,79.0
1268,57.13
1269,65.26
1270,20.05
1271,6.1
1272,2.78
1273,65.06
1274,54.58
1275,16.93
1276,18.86
1277,80.13
1278,49.83
1279,97.34
1280,70.91
1281,71.0
1282,6.18
1283,47.91
1284,80.54
1285,47.36
1286,35.34
1287,10.95
1288,97.53
1289,89.02
1290,21.85
1291,32.51
1292,55.01
1293,64.43
1294,91.78
1295,30.6
1296,64.62
1297,37.05
1298,45.56
1299,20.85
1300,16.52
1301,57.4
1302,49.31
1303,47.75
1304,76.28
1305,49.11
1306,63.28
1307,53.84
1308,6.12
1309,99.39
1310,35.32
1311,3.3
1312,73.31
1313,35.53
1314,10.08
1315,42.97
1316,91.31
1317,49.8
1318,80.11
1319,58.11
1320,38.47
1321,65.27
1322,96.79
1323,30.82
1324,12.25
1325,7.98
1326,21.51
1327,72.08
1328,3.32
1329,99.82
1330,14.32
1331,45.92
1332,59.32
1333,76.43
1334,80.99
1335,19.0
1336,5.51
1337,67.08
1338,53.96
1339,72.32
1340,39.84
1341,45.58
1342,75.46
1343,85.79
1344,3.71
1345,88.86
1346,45.95
1347,48.93
1348,48.54
1349,76.62
1350,23.07
1351,45.64
1352,11.64
1353,92.99
1354,51.78
1355,72.19
1356,24.25
1357,53.0
1358,51.43
1359,68.46
1360,69.86
1361,56.3
1362,51.83
1363,62.83
1364,36.79
1365,21.56
1366,2.53
1367,79.92
1368,6.6
1369,23.32
1370,40.45
1371,78.97
1372,56.89
1373,74.44
1374,72.68
1375,87.53
1376,97.19
1377,92.34
1378,19.45
1379,73.35
1380,13.51
1381,47.46
1382,18.86
1383,48.08
1384,79.22
1385,41.03
1386,25.68
1387,99.24
1388,16.19
1389,33.18
1390,25.68
1391,33.06
1392,27.65
1393,70.39
1394,9.89
1395,28.98
1396,50.39
1397,34.27
1398,97.82
1399,98.25
1400,43.16
1401,32.68
1402,99.82
1403,87.76
1404,91.81
1405,9.15
1406,30.64
1407,36.31
1408,76.41
1409,46.09
1410,93.56
1411,74.79
1412,11.89
1413,29.27
1414,37.55
1415,24.84
1416,8.24
1417,48.19
1418,58.54
1419,18.39
1420,56.7
1421,67.96
1422,95.76
1423,66.29
1424,14.38
1425,16.96
1426,8.34
1427,57.38
1428,74.97
1429,17.43
1430,14.57
1431,66.1
1432,59.52
1433,45.3
1434,19.0
1435,32.97
1436,37.7
1437,20.72
1438,22.93
1439,32.32
1440,6.23
1441,49.84
1442,6.34
1443,76.84
1444,49.65
1445,27.27
1446,69.14
1447,58.5
1448,39.91
1449,48.91
1450,88.9
1451,38.47
1452,84.48
1453,51.06
1454,98.61
1455,14.83
1456,17.28
1457,22.68
1458,38.44
1459,5.78
1460,16.02
1461,3.06
1462,39.41
1463,5.74
1464,59.73
1465,3.22
1466,76.72
1467,45.94
1468,14.87
1469,27.13
1470,60.74
1471,78.12
1472,9.78
1473,25.44
1474,11.59
1475,3.46
1476,84.8
1477,0.12
1478,67.38
1479,25.78
1480,92.1
1481,72.16
1482,54.14
1483,64.59
1484,73.93
1485,85.26
1486,13.62
1487,12.95
1488,52.55
1489,92.08
1490,38.73
1491,24.35
1492,23.97
1493,3.92
1494,14.14
1495,15.82
1496,97.99
1497,1.67
1498,46.63
1499,42.84
1500,87.76
1501,93.37
1502,55.56
1503,43.56
1504,26.36
1505,59.39
1506,87.28
1507,86.26
1508,32.14
1509,14.93
1510,9.98
1511,68.5
1512,58.57
1513,99.82
1514,8.67
1515,93.49
1516,36.98
1517,18.28
1518,60.59
1519,96.38
1520,10.17
1521,11.81
1522,95.21
1523,35.61
1524,30.55
1525,5.25
1526,51.91
1527,5.77
1528,17.09
1529,49.5
1530,29.59
1531,66.97
1532,77.72
1533,68.59
1534,3.48
1535,67.19
1536,32.84
1537,55.85
1538,84.29
1539,39.08
1540,64.97
1541,35.72
1542,12.34
1543,7.46
1544,67.13
1545,56.84
1546,20.7
1547,62.37
1548,49.81
1549,95.43
1550,93.65
1551,12.81
1552,8.86
1553,77.98
1554,23.7
1555,25.53
1556,21.45
1557,44.4
1558,88.06
1559,39.5
1560,37.28
1561,49.85
1562,54.68
1563,17.64
1564,77.51
1565,55.94
1566,18.62
1567,2.16
1568,11.4
1569,53.0
1570,9.02
1571,59.74
1572,28.09
1573,34.38
1574,98.44
1575,65.28
1576,21.55
1577,25.86
1578,41.2
1579,20.11
1580,67.07
1581,48.37
1582,6.13
1583,37.07
1584,77.46
1585,67.64
1586,54.09
1587,64.18
1588,54.31
1589,33.43
1590,31.15
1591,6.83
1592,94.96
1593,60.99
1594,67.24
1595,93.5
1596,32.57
1597,23.98
1598,55.91
1599,39.36
1600,75.52
1601,66.53
1602,49.71
1603,92.16
1604,81.44
1605,2.25
1606,50.46
1607,74.04
1608,4.26
1609,9.97
1610,98.75
1611,72.29
1612,74.96
1613,70.65
1614,65.55
1615,18.53
1616,45.76
1617,0.34
1618,31.4
1619,29.58
1620,15.67
1621,49.05
1622,27.53
1623,66.99
1624,87.69
1625,44.28
1626,36.08
1627,12.51
1628,18.1
1629,57.74
1630,68.68
1631,40.22
1632,70.32
1633,96.71
1634,1.98
1635,75.46
1636,1.44
1637,59.01
1638,65.03
1639,51.62
1640,53.93
1641,77.05
1642,37.5
1643,18.37
1644,84.57
1645,92.71
1646,47.99
1647,3.99
1648,63.58
1649,94.8
1650,86.1
1651,78.39
1652,37.33
1653,9.72
1654,63.59
1655,58.72
1656,34.63
1657,2.32
1658,3.41
1659,88.1
1660,67.85
1661,69.53
1662,78.04
1663,95.53
1664,90.07
1665,82.36
1666,22.41
1667,93.34
1668,1.98
1669,45.51
1670,24.07
1671,34.04
1672,62.2
1673,32.41
1674,79.31
1675,88.57
1676,84.97
1677,94.69
1678,53.37
1679,3.64
1680,48.23
1681,34.24
1682,55.45
1683,93.51
1684,92.07
1685,91.76
1686,2.25
1687,91.97
1688,52.58
1689,10.38
1690,80.93
1691,98.29
1692,57.32
1693,86.02
1694,77.45
1695,83.04
1696,81.05
1697,32.37
1698,77.2
1699,1.11
1700,56.1
1701,76.36
1702,5.27
1703,0.44
1704,62.35
1705,38.05
1706,79.58
1707,77.45
1708,87.65
1709,9.33
1710,84.76
1711,35.29
1712,29.11
1713,88.47
1714,64.18
1715,45.4
1716,3.6
1717,42.92
1718,59.45
1719,32.53
1720,13.49
1721,92.92
1722,10.62
1723,76.68
1724,36.08
1725,50.23
1726,16.73
1727,43.57
1728,61.54
1729,80.58
1730,60.61
1731,56.43
1732,99.4
1733,77.9
1734,73.08
1735,46.12
1736,39.44
1737,83.97
1738,82.98
1739,10.07
1740,80.03
1741,7.18
1742,91.43
1743,35.03
1744,50.6
1745,82.46
1746,53.72
1747,69.5
1748,35.87
1749,84.17
1750,18.97
1751,19.81
1752,69.0
1753,48.79
1754,23.69
1755,99.52
1756,21.92
1757,82.85
1758,46.65
1759,84.34
1760,83.01
1761,60.47
1762,56.53
1763,84.74
1764,36.94
1765,56.54
1766,98.51
1767,94.49
1768,34.01
1769,88.45
1770,39.5
1771,96.83
1772,8.82
1773,8.02
1774,57.05
1775,53.93
1776,40.24
1777,54.85
1778,22.39
1779,70.83
1780,8.58
1781,79.37
1782,86.11
1783,98.09
1784,75.22
1785,83.54
1786,50.94
1787,12.28
1788,41.25
1789,33.21
1790,70.32
1791,9.14
1792,23.16
1793,36.42
1794,35.78
1795,40.8
1796,29.51
1797,58.66
1798,97.02
1799,85.91
1800,99.48
1801,76.68
1802,24.48
1803,26.12
1804,8.31
1805,40.5
1806,53.36
1807,9.65
1808,88.7
1809,21.93
1810,23.17
1811,5.2
1812,23.72
1813,26.73
1814,61.42
1815,60.6
1816,12.09
1817,35.74
1818,40.06
1819,23.31
1820,71.8
1821,29.39
1822,49.3
1823,14.03
1824,91.12
1825,40.97
1826,92.73
1827,28.02
1828,94.92
1829,38.28
1830,46.18
1831,7.19
1832,23.26
1833,21.44
1834,19.72
1835,39.47
1836,3.95
1837,1.95
1838,49.22
1839,2.72
1840,82.48
1841,11.71
1842,8.57
1843,10.0
1844,32.24
1845,99.43
1846,26.61
1847,69.44
1848,84.61
1849,48.92
1850,40.71
1851,3.37
1852,88.87
1853,62.23
1854,98.07
1855,36.21
1856,62.12
1857,28.97
1858,24.55
1859,61.76
1860,77.01
1861,68.24
1862,89.09
1863,20.31
1864,26.23
1865,71.95
1866,1.22
1867,71.47
1868,54.32
1869,38.74
1870,44.23
1871,84.47
1872,68.32
1873,15.86
1874,39.45
1875,13.13
1876,83.19
1877,92.41
1878,34.05
1879,22.84
1880,20.53
1881,36.9
1882,56.99
1883,53.86
1884,2.82
1885,37.19
1886,7.63
1887,68.51
1888,7.05
1889,44.46
1890,53.74
1891,17.91
1892,96.63
1893,58.08
1894,32.88
1895,27.59
1896,30.01
1897,83.68
1898,28.26
1899,15.47
1900,58.09
1901,9.22
1902,16.56
1903,24.37
1904,28.82
1905,1.78
1906,98.91
1907,60.19
1908,40.44
1909,96.89
1910,42.43
1911,4.33
1912,54.42
1913,52.68
1914,39.77
1915,18.06
1916,72.4
1917,18.56
1918,74.4
1919,26.16
1920,76.38
1921,86.6
1922,14.2
1923,75.53
1924,5.86
1925,40.04
1926,21.84
1927,94.32
1928,82.63
1929,16.94
1930,13.67
1931,1.39
1932,65.4
1933,66.53
1934,64.76
1935,67.42
1936,82.92
1937,81.11
1938,56.69
1939,87.8
1940,59.14
1941,24.9
1942,40.11
1943,75.81
1944,42.51
1945,31.3
1946,13.91
1947,41.57
1948,23.55
1949,53.8
1950,74.58
1951,61.72
1952,91.28
1953,11.6
1954,56.54
1955,80.09
1956,98.0
1957,94.54
1958,31.53
1959,6.72
1960,18.89
1961,42.25
1962,46.19
1963,54.57
1964,91.16
1965,15.9
1966,53.15
1967,20.18
1968,38.27
1969,68.97
1970,58.53
1971,71.77
1972,47.88
1973,15.39
1974,57.87
1975,59.57
1976,37.25
1977,27.95
1978,30.64
1979,36.24
1980,82.36
1981,61.96
1982,42.64
1983,6.9
1984,81.28
1985,62.27
1986,81.41
1987,84.87
1988,68.55
1989,65.26
1990,18.99
1991,15.59
1992,42.63
1993,85.86
1994,31.92
1995,70.63
1996,79.15
1997,14.99
1998,67.08
1999,73.44
2000,61.16
2001,19.48
2002,30.2
2003,2.3
2004,83.32
2005,86.56
2006,23.83
2007,91.07
2008,11.79
2009,20.17
2010,8.42
2011,70.7
2012,20.63
2013,55.2
2014,81.4
2015,95.4
2016,85.93
2017,95.21
2018,83.81
2019,32.22
2020,89.72
2021,8.72
2022,75.16
2023,33.36
2024,51.26
2025,67.12
2026,77.98
2027,62.17
2028,53.32
2029,19.19
2030,70.7
2031,81.19
2032,59.82
2033,48.41
2034,26.52
2035,51.51
2036,72.95
2037,30.75
2038,70.46
2039,38.53
2040,88.93
2041,29.13
2042,91.92
2043,0.55
2044,3.56
2045,71.39
2046,99.19
2047,93.11
2048,1.84
2049,14.89
2050,24.95
2051,5.54
2052,6.75
2053,26.43
2054,21.76
2055,25.86
2056,9.09
2057,65.84
2058,24.21
2059,39.95
2060,13.2
2061,8.29
2062,19.77
2063,98.31
2064,51.9
2065,81.59
2066,55.75
2067,43.1
2068,28.49
2069,87.86
2070,63.85
2071,38.07
2072,49.39
2073,84.63
2074,46.14
2075,78.71
2076,65.14
2077,31.73
2078,10.68
2079,87.18
2080,71.77
2081,61.11
2082,12.84
2083,73.62
2084,64.03
2085,69.8
2086,83.58
2087,16.86
2088,40.32
2089,33.86
2090,35.57
2091,7.9
2092,11.32
2093,39.53
2094,88.79
2095,33.7
2096,20.62
2097,99.29
2098,47.72
2099,17.94
2100,66.71
2101,10.2
2102,77.82
2103,95.31
2104,89.53
2105,46.54
2106,34.34
2107,85.02
2108,31.32
2109,82.61
2110,41.35
2111,70.93
2112,48.72
2113,1.62
2114,81.35
2115,7.89
2116,60.95
2117,85.25
2118,48.99
2119,99.99
2120,83.87
2121,92.65
2122,71.53
2123,17.37
2124,48.57
2125,34.85
2126,28.61
2127,11.9
2128,58.17
2129,56.27
2130,72.77
2131,95.88
2132,4.28
2133,23.27
2134,67.77
2135,76.98
2136,26.86
2137,43.28
2138,80.79
2139,23.81
2140,17.9
2141,22.11
2142,81.56
2143,23.13
2144,85.93
2145,87.51
2146,49.01
2147,97.72
2148,56.65
2149,15.48
2150,52.82
2151,19.49
2152,84.26
2153,9.34
2154,53.43
2155,49.88
2156,27.84
2157,21.81
2158,98.92
2159,52.02
2160,28.97
2161,57.92
2162,60.58
2163,26.19
2164,44.21
2165,24.04
2166,99.87
2167,77.85
2168,79.1
2169,18.92
2170,10.92
2171,30.44
2172,99.06
2173,31.33
2174,4.19
2175,52.18
2176,61.2
2177,70.9
2178,41.99
2179,10.09
2180,14.63
2181,51.67
2182,37.31
2183,20.88
2184,8.38
2185,20.39
2186,82.43
2187,76.33
2188,53.44
2189,33.34
2190,65.78
2191,85.57
2192,45.24
2193,58.41
2194,21.68
2195,84.97
2196,56.27
2197,12.08
2198,68.89
2199,94.79
2200,89.62
2201,5.77
2202,49.61
2203,88.85
2204,97.06
2205,32.26
2206,2.77
2207,9.01
2208,96.69
2209,58.39
2210,87.25
2211,23.41
2212,63.19
2213,58.89
2214,45.56
2215,71.1
2216,61.15
2217,41.27
2218,51.73
2219,48.34
2220,25.26
2221,32.75
2222,51.2
2223,79.62
2224,95.46
2225,49.18
2226,81.15
2227,91.2
2228,25.44
2229,73.66
2230,7.41
2231,45.0
2232,39.39
2233,89.09
2234,22.6
2235,81.67
2236,12.51
2237,62.08
2238,41.92
2239,98.28
2240,81.62
2241,96.51
2242,81.86
2243,92.61
2244,35.64
2245,92.32
2246,56.67
2247,4.53
2248,39.17
2249,48.18
2250,48.78
2251,18.57
2252,9.92
2253,94.4
2254,60.58
2255,49.36
2256,68.43
2257,19.0
2258,47.72
2259,27.81
2260,31.4
2261,66.85
2262,59.2
2263,37.77
2264,40.69
2265,3.03
2266,28.16
2267,84.59
2268,54.0
2269,95.38
2270,96.94
2271,43.9
2272,1.79
2273,77.94
2274,0.16
2275,9.15
2276,76.95
2277,30.69
2278,11.84
2279,71.88
2280,86.4
2281,10.0
2282,19.25
2283,14.83
2284,35.47
2285,3.49
2286,30.58
2287,80.51
2288,67.31
2289,52.99
2290,41.18
2291,43.59
2292,75.26
2293,38.85
2294,74.92
2295,96.08
2296,30.13
2297,38.43
2298,55.91
2299,73.66
2300,86.64
2301,44.83
2302,55.42
2303,45.53
2304,69.3
2305,33.46
2306,55.17
2307,44.74
2308,45.7
2309,72.16
2310,23.44
2311,93.9
2312,97.24
2313,31.38
2314,5.83
2315,94.61
2316,92.55
2317,52.22
2318,43.8
2319,79.36
2320,64.29
2321,0.01
2322,58.0
2323,98.47
2324,23.26
2325,57.98
2326,42.64
2327,81.27
2328,14.57
2329,99.02
2330,57.83
2331,21.4
2332,87.66
2333,23.93
2334,37.73
2335,24.27
2336,83.47
2337,54.59
2338,16.3
2339,25.79
2340,77.89
2341,5.58
2342,63.86
2343,67.88
2344,25.81
2345,11.33
2346,68.24
2347,39.61
2348,65.33
2349,63.34
2350,58.55
2351,47.47
2352,52.33
2353,46.68
2354,87.33
2355,5.59
2356,8.12
2357,40.98
2358,30.76
2359,54.26
2360,70.15
2361,49.79
2362,49.81
2363,61.51
2364,93.79
2365,88.18
2366,16.35
2367,32.63
2368,52.09
2369,20.51
2370,64.07
2371,13.72
2372,37.89
2373,15.2
2374,92.82
2375,66.86
2376,54.38
2377,0.92
2378,79.23
2379,96.0
2380,49.82
2381,62.0
2382,0.37
2383,90.67
2384,16.77
2385,80.68
2386,85.76
2387,39.03
2388,24.77
2389,72.21
2390,14.71
2391,98.16
2392,64.77
2393,56.97
2394,21.44
2395,70.88
2396,1.76
2397,56.83
2398,40.01
2399,78.54
2400,28.74
2401,96.76
2402,3.58
2403,36.88
2404,8.33
2405,71.06
2406,44.11
2407,55.84
2408,71.26
2409,22.23
2410,50.64
2411,23.75
2412,31.78
2413,91.26
2414,91.69
2415,4.04
2416,72.81
2417,41.06
2418,65.73
2419,53.19
2420,83.94
2421,17.1
2422,5.12
2423,13.12
2424,78.18
2425,39.78
2426,34.08
2427,4.97
2428,61.26
2429,8.14
2430,34.56
2431,44.96
2432,45.85
2433,57.22
2434,64.88
2435,70.66
2436,36.37
2437,83.42
2438,74.25
2439,46.05
2440,57.77
2441,66.67
2442,8.62
2443,26.44
2444,83.31
2445,30.57
2446,70.82
2447,58.41
2448,9.26
2449,75.51
2450,64.44
2451,43.67
2452,48.62
2453,38.81
2454,20.52
2455,94.99
2456,6.89
2457,41.58
2458,21.32
2459,28.11
2460,64.48
2461,81.29
2462,25.37
2463,92.17
2464,65.41
2465,82.39
2466,82.07
2467,81.23
2468,36.67
2469,11.6
2470,3.09
2471,65.31
2472,83.0
2473,7.12
2474,47.19
2475,9.46
2476,20.47
2477,77.63
2478,45.03
2479,48.39
2480,27.01
2481,16.46
2482,71.5
2483,41.72
2484,69.44
2485,94.03
2486,71.95
2487,92.44
2488,65.04
2489,10.12
2490,40.02
2491,94.99
2492,43.73
2493,86.67
2494,38.62
2495,38.73
2496,13.25
2497,88.27
2498,36.57
2499,47.99
2500,70.7
2501,88.17
2502,17.0
2503,83.15
2504,1.84
2505,93.92
2506,54.5
2507,78.68
2508,63.74
2509,3.8
2510,99.56
2511,13.79
2512,22.33
2513,6.29
2514,76.63
2515,98.17
2516,68.35
2517,21.5
2518,14.2
2519,40.6
2520,75.1
2521,29.31
2522,11.49
2523,31.53
2524,83.42
2525,56.16
2526,53.56
2527,80.57
2528,40.04
2529,72.33
2530,82.14
2531,8.11
2532,63.33
2533,25.56
2534,49.25
2535,44.26
2536,9.71
2537,60.58
2538,49.5
2539,66.02
2540,81.43
2541,76.15
2542,32.06
2543,31.34
2544,55.96
2545,21.08
2546,26.88
2547,41.63
2548,2.42
2549,17.66
2550,72.7
2551,20.69
2552,53.93
2553,51.41
2554,84.83
2555,22.0
2556,84.65
2557,80.1
2558,17.82
2559,1.5
2560,47.84
2561,95.75
2562,68.63
2563,33.95
2564,1.03
2565,49.46
2566,57.93
2567,35.89
2568,17.38
2569,85.7
2570,77.65
2571,44.41
2572,32.57
2573,34.48
2574,14.98
2575,36.07
2576,94.24
2577,4.18
2578,5.85
2579,22.7
2580,27.2
2581,24.56
2582,74.1
2583,44.8
2584,78.71
2585,82.36
2586,36.06
2587,27.13
2588,66.99
2589,4.36
2590,29.04
2591,46.33
2592,36.46
2593,36.05
2594,47.1
2595,75.91
2596,58.94
2597,98.7
2598,86.12
2599,65.05
2600,33.93
2601,30.32
2602,87.21
2603,85.51
2604,69.96
2605,81.09
2606,77.87
2607,1.15
2608,88.02
2609,9.72
2610,79.6
2611,54.45
2612,28.06
2613,13.82
2614,83.92
2615,5.5
2616,88.01
2617,86.83
2618,30.71
2619,44.01
2620,53.46
2621,6.78
2622,63.65
2623,98.77
2624,47.64
2625,68.48
2626,42.98
2627,74.97
2628,83.88
2629,20.76
2630,4.76
2631,93.28
2632,18.45
2633,73.41
2634,10.66
2635,98.15
2636,6.45
2637,30.6
2638,37.92
2639,32.93
2640,27.61
2641,97.12
2642,63.6
2643,29.97
2644,37.16
2645,33.97
2646,48.12
2647,87.59
2648,77.23
2649,69.84
2650,9.75
2651,66.3
2652,50.31
2653,87.09
2654,8.12
2655,60.03
2656,83.83
2657,69.02
2658,82.63
2659,67.47
2660,19.32
2661,36.53
2662,72.78
2663,75.42
2664,47.32
2665,18.14
2666,32.75
2667,39.48
2668,65.15
2669,85.5
2670,86.44
2671,46.1
2672,15.33
2673,19.81
2674,21.94
2675,31.74
2676,36.9
2677,71.18
2678,17.5
2679,76.83
2680,9.26
2681,51.79
2682,49.26
2683,76.38
2684,49.75
2685,5.85
2686,16.65
2687,59.97
2688,10.04
2689,3.49
2690,7.5
2691,29.81
2692,34.78
2693,48.66
2694,94.32
2695,36.97
2696,41.36
2697,46.24
2698,56.43
2699,65.69
2700,4.2
2701,60.61
2702,43.06
2703,27.25
2704,74.58
2705,26.3
2706,9.77
2707,7.51
2708,95.55
2709,77.99
2710,46.44
2711,2.03
2712,36.86
2713,22.04
2714,91.33
2715,44.04
2716,62.97
2717,42.29
2718,22.34
2719,30.05
2720,42.9
2721,83.36
2722,14.78
2723,64.96
2724,54.07
2725,64.88
2726,47.34
2727,85.26
2728,26.76
2729,31.58
2730,73.3
2731,61.2
2732,23.59
2733,21.81
2734,19.26
2735,78.97
2736,86.99
2737,82.11
2738,32.56
2739,13.48
2740,36.6
2741,30.19
2742,59.96
2743,69.19
2744,18.47
2745,50.62
2746,23.83
2747,80.75
2748,78.72
2749,98.89
2750,38.62
2751,81.06
2752,53.92
2753,72.35
2754,6.91
2755,2.58
2756,96.63
2757,74.4
2758,96.53
2759,13.47
2760,33.54
2761,49.52
2762,80.98
2763,50.57
2764,12.25
2765,13.58
2766,80.39
2767,53.96
2768,54.69
2769,84.39
2770,44.9
2771,27.88
2772,27.59
2773,10.66
2774,23.12
2775,14.96
2776,45.37
2777,76.84
2778,2.84
2779,59.35
2780,36.28
2781,85.14
2782,50.82
2783,53.13
2784,64.52
2785,46.79
2786,77.92
2787,94.82
2788,82.23
2789,66.29
2790,83.39
2791,56.9
2792,23.62
2793,95.36
2794,0.51
2795,72.75
2796,21.25
2797,68.24
2798,88.57
2799,4.64
2800,90.03
2801,14.8
2802,54.86
2803,77.75
2804,98.83
2805,82.07
2806,19.77
2807,66.01
2808,98.78
2809,6.21
2810,10.81
2811,51.73
2812,93.25
2813,83.4
2814,55.06
2815,80.69
2816,34.1
2817,46.33
2818,22.51
2819,39.5
2820,35.51
2821,91.31
2822,2.85
2823,26.9
2824,25.18
2825,48.2
2826,95.13
2827,22.24
2828,68.35
2829,18.97
2830,39.82
2831,46.65
2832,53.82
2833,36.8
2834,62.11
2835,19.73
2836,95.48
2837,75.54
2838,51.42
2839,11.98
2840,41.26
2841,63.65
2842,11.66
2843,63.28
2844,8.99
2845,20.02
2846,80.41
2847,6.71
2848,66.41
2849,73.47
2850,35.07
2851,25.99
2852,11.85
2853,17.08
2854,89.82
2855,9.09
2856,9.81
2857,53.18
2858,23.98
2859,76.71
2860,88.27
2861,32.65
2862,38.64
2863,92.43
2864,15.53
2865,23.43
2866,74.81
2867,27.74
2868,46.9
2869,80.44
2870,73.63
2871,92.09
2872,59.63
2873,82.61
2874,29.46
2875,37.9
2876,32.42
2877,33.09
2878,18.88
2879,4.68
2880,26.02
2881,28.87
2882,30.34
2883,69.79
2884,24.11
2885,40.47
2886,51.42
2887,42.34
2888,80.43
2889,8.9
2890,25.34
2891,77.83
2892,7.52
2893,78.18
2894,86.1
2895,4.31
2896,98.2
2897,72.82
2898,79.07
2899,5.53
2900,79.75
2901,95.31
2902,42.39
2903,9.15
2904,21.47
2905,40.16
2906,14.25
2907,64.03
2908,67.88
2909,20.8
2910,59.75
2911,17.33
2912,32.22
2913,96.72
2914,4.51
2915,52.2
2916,30.1
2917,76.62
2918,98.37
2919,14.02
2920,1.39
2921,25.22
2922,33.49
2923,32.61
2924,29.76
2925,18.59
2926,78.61
2927,21.91
2928,81.89
2929,6.79
2930,17.21
2931,57.82
2932,12.24
2933,31.51
2934,35.56
2935,12.24
2936,37.29
2937,65.36
2938,17.2
2939,34.17
2940,74.96
2941,91.73
2942,50.82
2943,72.3
2944,8.79
2945,40.38
2946,58.88
2947,47.22
2948,17.1
2949,18.21
2950,20.1
2951,20.2
2952,0.28
2953,22.73
2954,87.26
2955,19.7
2956,62.27
2957,1.88
2958,40.48
2959,49.91
2960,87.59
2961,69.04
2962,84.85
2963,25.88
2964,13.67
2965,20.1
2966,40.87
2967,11.83
2968,32.21
2969,29.87
2970,3.98
2971,61.08
2972,28.87
2973,11.71
2974,7.57
2975,81.68
2976,46.76
2977,53.73
2978,38.96
2979,28.01
2980,43.59
2981,3.57
2982,77.01
2983,63.08
2984,52.2
2985,42.34
2986,23.14
2987,63.33
2988,13.36
2989,10.55
2990,29.15
2991,53.47
2992,30.16
2993,86.69
2994,35.95
2995,30.47
2996,41.81
2997,1.65
2998,44.73
2999,86.07
3000,12.93
3001,82.57
3002,5.0
3003,71.48
3004,16.58
3005,62.16
3006,31.38
3007,86.6
3008,54.91
3009,99.06
3010,45.62
3011,31.28
3012,55.44
3013,55.24
3014,93.33
3015,33.81
3016,76.44
3017,46.89
3018,15.94
3019,4.7
3020,36.16
3021,57.71
3022,38.6
3023,35.1
3024,86.53
3025,0.06
3026,88.35
3027,15.43
3028,58.64
3029,24.26
3030,74.12
3031,61.84
3032,78.81
3033,12.6
3034,99.81
3035,94.38
3036,85.12
3037,3.56
3038,33.13
3039,15.81
3040,8.64
3041,88.4
3042,58.5
3043,48.94
3044,9.19
3045,24.78
3046,29.3
3047,74.92
3048,5.81
3049,30.09
3050,72.8
3051,42.51
3052,27.36
3053,61.25
3054,40.76
3055,32.64
3056,46.38
3057,53.69
3058,7.63
3059,91.89
3060,75.8
3061,42.0
3062,27.5
3063,55.78
3064,25.84
3065,39.62
3066,63.71
3067,29.2
3068,24.74
3069,35.73
3070,29.42
3071,80.55
3072,51.91
3073,50.08
3074,22.95
3075,75.84
3076,70.34
3077,80.6
3078,41.81
3079,12.44
3080,98.34
3081,76.67
3082,73.78
3083,28.33
3084,50.49
3085,24.58
3086,69.02
3087,92.74
3088,96.16
3089,58.02
3090,59.14
3091,18.29
3092,48.19
3093,96.77
3094,21.91
3095,10.25
3096,57.59
3097,47.25
3098,55.0
3099,16.18
3100,37.12
3101,30.26
3102,74.91
3103,64.32
3104,27.98
3105,41.53
3106,43.12
3107,47.14
3108,80.07
3109,74.23
3110,88.54
3111,44.96
3112,87.13
3113,37.12
3114,91.07
3115,24.79
3116,80.76
3117,85.24
3118,43.48
3119,52.22
3120,64.85
3121,72.4
3122,9.1
3123,8.18
3124,96.61
3125,37.29
3126,75.52
3127,76.44
3128,57.97
3129,66.88
3130,48.92
3131,77.46
3132,44.22
3133,57.59
3134,77.7
3135,74.95
3136,54.99
3137,60.67
3138,2.94
3139,15.12
3140,98.97
3141,72.14
3142,7.82
3143,60.23
3144,54.4
3145,6.81
3146,35.64
3147,6.71
3148,73.48
3149,64.47
3150,85.86
3151,1.35
3152,3.35
3153,67.43
3154,36.23
3155,95.43
3156,55.68
3157,78.18
3158,62.14
3159,16.69
3160,54.08
3161,46.73
3162,96.8
3163,68.98
3164,53.33
3165,46.52
3166,9.1
3167,64.58
3168,31.51
3169,75.84
3170,69.87
3171,89.11
3172,62.36
3173,13.54
3174,23.88
3175,70.93
3176,53.71
3177,17.89
3178,30.22
3179,39.71
3180,75.01
3181,79.92
3182,61.38
3183,54.53
3184,73.96
3185,90.96
3186,23.78
3187,7.51
3188,83.7
3189,49.24
3190,34.99
3191,94.46
3192,84.66
3193,25.1
3194,81.65
3195,60.09
3196,82.35
3197,79.55
3198,90.61
3199,41.21
3200,52.33
3201,8.61
3202,92.93
3203,81.31
3204,60.99
3205,7.78
3206,76.32
3207,95.87
3208,52.29
3209,86.46
3210,53.78
3211,52.41
3212,32.89
3213,36.17
3214,86.29
3215,3.17
3216,94.89
3217,82.26
3218,7.03
3219,24.78
3220,68.43
3221,2.55
3222,66.89
3223,27.33
3224,36.45
3225,45.32
3226,31.71
3227,66.53
3228,7.88
3229,49.43
3230,49.77
3231,74.03
3232,87.74
3233,78.22
3234,97.11
3235,48.83
3236,36.18
3237,83.45
3238,47.29
3239,15.63
3240,91.43
3241,93.47
3242,15.24
3243,48.63
3244,46.69
3245,32.49
3246,27.49
3247,31.2
3248,35.82
3249,9.4
3250,78.05
3251,66.91
3252,39.83
3253,60.9
3254,91.57
3255,69.4
3256,99.72
3257,9.79
3258,32.67
3259,44.75
3260,95.63
3261,4.63
3262,94.58
3263,14.77
3264,79.16
3265,86.52
3266,99.81
3267,36.08
3268,92.76
3269,21.46
3270,7.7
3271,47.51
3272,26.69
3273,38.84
3274,74.79
3275,83.22
3276,23.63
3277,33.25
3278,62.52
3279,82.29
3280,6.31
3281,11.62
3282,79.31
3283,21.07
3284,96.04
3285,52.22
3286,51.0
3287,27.35
3288,78.65
3289,21.88
3290,94.11
3291,69.62
3292,8.41
3293,22.95
3294,53.79
3295,5.08
3296,55.14
3297,47.31
3298,29.4
3299,92.37
3300,95.64
3301,48.81
3302,69.81
3303,96.87
3304,95.36
3305,33.82
3306,34.98
3307,42.09
3308,89.43
3309,41.11
3310,79.1
3311,54.08
3312,44.75
3313,2.12
3314,25.13
3315,15.34
3316,72.12
3317,31.65
3318,58.5
3319,72.1
3320,27.0
3321,3.05
3322,73.54
3323,78.76
3324,34.39
3325,89.49
3326,76.88
3327,93.03
3328,1.02
3329,28.19
3330,25.94
3331,7.76
3332,59.3
3333,5.27
3334,47.93
3335,86.59
3336,5.28
3337,11.16
3338,39.23
3339,11.46
3340,85.55
3341,88.43
3342,36.54
3343,11.61
3344,62.76
3345,78.86
3346,82.21
3347,84.96
3348,67.16
3349,69.24
3350,63.64
3351,69.69
3352,13.49
3353,71.24
3354,55.04
3355,71.41
3356,15.5
3357,43.92
3358,23.68
3359,73.45
3360,18.62
3361,73.36
3362,75.75
3363,56.73
3364,34.09
3365,12.92
3366,67.31
3367,63.53
3368,0.4
3369,81.86
3370,32.51
3371,33.26
3372,51.46
3373,77.81
3374,33.49
3375,99.66
3376,99.83
3377,76.57
3378,40.07
3379,61.44
3380,17.56
3381,99.03
3382,14.16
3383,7.15
3384,75.02
3385,81.48
3386,23.09
3387,65.45
3388,35.57
3389,37.16
3390,25.73
3391,43.74
3392,54.96
3393,28.82
3394,26.87
3395,25.61
3396,4.23
3397,75.68
3398,34.29
3399,94.55
3400,91.41
3401,48.1
3402,54.74
3403,14.37
3404,1.97
3405,70.07
3406,26.87
3407,5.5
3408,30.62
3409,46.41
3410,25.87
3411,73.33
3412,25.5
3413,54.91
3414,0.84
3415,25.76
3416,68.92
3417,12.87
3418,80.9
3419,96.08
3420,22.48
3421,39.4
3422,38.98
3423,20.07
3424,42.99
3425,6.99
3426,77.46
3427,15.82
3428,37.64
3429,78.71
3430,74.96
3431,60.28
3432,26.42
3433,61.23
3434,76.66
3435,79.12
3436,92.55
3437,72.08
3438,61.36
3439,76.74
3440,99.24
3441,73.76
3442,82.53
3443,22.38
3444,87.76
3445,71.66
3446,82.93
3447,85.4
3448,36.67
3449,64.33
3450,86.23
3451,2.48
3452,84.22
3453,41.31
3454,76.43
3455,30.64
3456,94.78
3457,30.67
3458,30.43
3459,65.31
3460,82.6
3461,36.6
3462,52.42
3463,61.76
3464,86.06
3465,33.25
3466,49.66
3467,0.12
3468,96.91
3469,8.84
3470,65.3
3471,20.02
3472,9.43
3473,9.06
3474,32.03
3475,55.57
3476,51.21
3477,69.8
3478,42.42
3479,21.41
3480,92.66
3481,40.96
3482,86.39
3483,72.43
3484,88.91
3485,18.65
3486,56.73
3487,63.94
3488,8.59
3489,4.8
3490,73.31
3491,0.02
3492,51.65
3493,35.98
3494,88.74
3495,2.48
3496,63.81
3497,94.71
3498,65.4
3499,93.95
3500,18.13
3501,84.59
3502,96.81
3503,14.27
3504,85.31
3505,0.21
3506,70.65
3507,71.37
3508,8.45
3509,22.66
3510,79.79
3511,92.47
3512,28.43
3513,33.91
3514,85.19
3515,63.86
3516,45.6
3517,71.7
3518,19.84
3519,9.44
3520,37.79
3521,67.18
3522,8.68
3523,15.57
3524,20.42
3525,82.26
3526,72.21
3527,79.85
3528,69.71
3529,7.1
3530,22.42
3531,16.83
3532,88.37
3533,29.13
3534,2.4
3535,25.45
3536,5.24
3537,42.77
3538,8.62
3539,60.54
3540,65.45
3541,52.75
3542,52.93
3543,68.16
3544,32.75
3545,80.45
3546,28.05
3547,64.08
3548,31.15
3549,75.28
3550,5.37
3551,31.41
3552,81.05
3553,99.19
3554,36.44
3555,48.43
3556,34.5
3557,59.97
3558,60.26
3559,73.58
3560,23.98
3561,5.23
3562,37.1
3563,74.28
3564,94.94
3565,29.29
3566,90.84
3567,4.44
3568,52.16
3569,82.58
3570,73.71
3571,22.22
3572,18.93
3573,25.38
3574,28.49
3575,32.34
3576,29.1
3577,39.68
3578,60.62
3579,54.74
3580,84.05
3581,42.69
3582,71.8
3583,7.77
3584,41.55
3585,32.62
3586,70.93
3587,99.28
3588,9.9
3589,10.03
3590,91.35
3591,61.29
3592,48.18
3593,98.14
3594,8.66
3595,23.93
3596,61.02
3597,70.79
3598,49.61
3599,70.14
3600,57.66
3601,57.27
3602,91.43
3603,35.94
3604,5.29
3605,69.44
3606,1.44
3607,80.65
3608,57.07
3609,17.69
3610,39.93
3611,24.63
3612,1.38
3613,7.82
3614,70.29
3615,44.37
3616,25.46
3617,12.14
3618,18.96
3619,34.23
3620,39.18
3621,71.29
3622,64.27
3623,32.19
3624,27.93
3625,96.72
3626,40.35
3627,29.96
3628,34.54
3629,82.55
3630,72.68
3631,25.06
3632,30.87
3633,4.01
3634,13.26
3635,69.38
3636,20.75
3637,9.49
3638,15.53
3639,77.88
3640,63.19
3641,97.87
3642,49.37
3643,97.37
3644,55.68
3645,17.01
3646,9.62
3647,94.17
3648,77.83
3649,87.95
3650,54.69
3651,72.22
3652,72.66
3653,82.62
3654,92.36
3655,91.04
3656,89.81
3657,90.24
3658,91.76
3659,46.66
3660,73.77
3661,89.13
3662,69.04
3663,80.64
3664,41.32
3665,21.68
3666,82.24
3667,61.44
3668,54.58
3669,54.57
3670,99.11
3671,4.53
3672,69.22
3673,48.77
3674,71.69
3675,40.58
3676,14.52
3677,4.04
3678,55.34
3679,55.99
3680,61.33
3681,69.45
3682,58.23
3683,13.53
3684,60.3
3685,39.08
3686,86.39
3687,72.05
3688,23.58
3689,50.2
3690,78.27
3691,85.85
3692,99.7
3693,62.5
3694,64.43
3695,9.86
3696,12.65
3697,61.82
3698,97.91
3699,50.37
3700,53.12
3701,50.86
3702,10.6
3703,97.4
3704,68.01
3705,5.44
3706,39.22
3707,28.31
3708,53.61
3709,23.62
3710,27.56
3711,58.55
3712,48.67
3713,80.76
3714,48.18
3715,2.76
3716,20.85
3717,12.72
3718,41.59
3719,15.86
3720,55.5
3721,51.73
3722,76.56
3723,73.22
3724,10.46
3725,74.39
3726,95.38
3727,69.69
3728,19.13
3729,12.54
3730,84.96
3731,87.81
3732,67.58
3733,83.34
3734,60.06
3735,31.26
3736,85.71
3737,19.57
3738,15.53
3739,25.76
3740,46.57
3741,54.43
3742,17.98
3743,5.99
3744,68.58
3745,80.04
3746,51.22
3747,53.46
3748,37.7
3749,77.06
3750,86.05
3751,85.23
3752,47.08
3753,33.61
3754,97.06
3755,17.06
3756,74.56
3757,82.64
3758,97.53
3759,2.4
3760,30.35
3761,1.5
3762,77.1
3763,10.15
3764,71.22
3765,12.87
3766,28.77
3767,4.05
3768,42.94
3769,31.72
3770,72.96
3771,16.43
3772,36.04
3773,40.73
3774,55.45
3775,61.39
3776,42.86
3777,21.94
3778,61.39
3779,37.04
3780,1.59
3781,48.0
3782,37.32
3783,40.26
3784,70.43
3785,52.94
3786,95.1
3787,14.29
3788,67.8
3789,86.15
3790,25.23
3791,93.75
3792,23.1
3793,50.62
3794,14.58
3795,62.95
3796,62.8
3797,93.54
3798,96.64
3799,9.46
3800,42.6
3801,17.33
3802,6.78
3803,72.0
3804,18.67
3805,74.34
3806,48.43
3807,97.59
3808,49.68
3809,38.08
3810,11.24
3811,7.41
3812,30.96
3813,38.08
3814,0.94
3815,15.32
3816,22.64
3817,22.05
3818,19.22
3819,95.64
3820,56.88
3821,99.83
3822,76.33
3823,41.78
3824,80.66
3825,52.92
3826,34.42
3827,1.78
3828,57.97
3829,98.3
3830,75.0
3831,48.18
3832,24.59
3833,53.8
3834,82.03
3835,9.74
3836,27.88
3837,81.01
3838,92.43
3839,57.83
3840,14.2
3841,56.96
3842,83.24
3843,57.16
3844,57.1
3845,98.41
3846,33.76
3847,36.8
3848,80.26
3849,33.95
3850,33.44
3851,21.14
3852,43.86
3853,14.36
3854,55.58
3855,80.6
3856,1.14
3857,43.76
3858,31.29
3859,20.26
3860,59.15
3861,99.38
3862,57.31
3863,52.65
3864,28.99
3865,52.6
3866,71.07
3867,63.94
3868,58.47
3869,90.53
3870,27.8
3871,95.94
3872,0.68
3873,52.74
3874,18.67
3875,50.14
3876,77.66
3877,59.42
3878,66.12
3879,29.75
3880,1.68
3881,94.66
3882,95.31
3883,79.53
3884,75.68
3885,99.4
3886,19.7
3887,79.76
3888,83.22
3889,41.07
3890,29.75
3891,71.65
3892,4.1
3893,29.57
3894,26.31
3895,58.74
3896,17.33
3897,39.45
3898,67.42
3899,9.69
3900,5.52
3901,78.51
3902,5.45
3903,48.38
3904,28.27
3905,25.04
3906,38.05
3907,5.47
3908,90.81
3909,13.84
3910,58.71
3911,77.89
3912,22.39
3913,42.77
3914,2.84
3915,77.42
3916,83.26
3917,42.78
3918,80.18
3919,43.77
3920,2.59
3921,78.04
3922,65.08
3923,28.28
3924,84.59
3925,88.84
3926,12.09
3927,33.46
3928,61.11
3929,60.17
3930,81.41
3931,57.71
3932,82.75
3933,1.99
3934,1.52
3935,1.67
3936,13.35
3937,73.15
3938,63.97
3939,50.47
3940,33.17
3941,22.51
3942,34.76
3943,51.19
3944,21.34
3945,30.23
3946,51.11
3947,5.51
3948,43.62
3949,69.97
3950,22.25
3951,75.72
3952,36.22
3953,36.3
3954,84.48
3955,49.32
3956,49.46
3957,27.46
3958,23.99
3959,2.05
3960,2.8
3961,61.51
3962,16.36
3963,11.83
3964,94.4
3965,44.43
3966,89.16
3967,55.26
3968,38.55
3969,51.28
3970,59.93
3971,85.2
3972,0.27
3973,37.61
3974,56.01
3975,73.57
3976,5.81
3977,58.88
3978,83.59
3979,19.22
3980,53.31
3981,74.49
3982,18.06
3983,55.11
3984,81.7
3985,38.16
3986,22.16
3987,44.56
3988,33.24
3989,43.71
3990,7.7
3991,78.62
3992,41.21
3993,41.93
3994,70.98
3995,68.17
3996,33.61
3997,58.87
3998,75.42
3999,4.14
4000,11.5
4001,71.67
4002,92.98
4003,67.25
4004,52.74
4005,43.97
4006,24.45
4007,14.99
4008,57.69
4009,67.81
4010,45.33
4011,59.88
4012,48.1
4013,74.51
4014,57.15
4015,13.03
4016,44.21
4017,67.78
4018,30.3
4019,50.85
4020,68.4
4021,71.86
4022,0.69
4023,90.87
4024,85.42
4025,69.25
4026,30.39
4027,45.37
4028,74.75
4029,98.04
4030,65.76
4031,38.81
4032,53.7
4033,9.87
4034,46.96
4035,7.58
4036,66.35
4037,74.86
4038,59.09
4039,28.42
4040,11.03
4041,15.3
4042,47.36
4043,35.7
4044,10.92
4045,40.6
4046,81.44
4047,26.39
4048,96.6
4049,45.05
4050,45.35
4051,25.33
4052,46.26
4053,27.92
4054,43.72
4055,59.55
4056,41.32
4057,21.68
4058,13.32
4059,30.18
4060,96.04
4061,32.37
4062,31.87
4063,97.06
4064,4.25
4065,17.08
4066,32.68
4067,34.74
4068,90.62
4069,91.29
4070,42.36
4071,79.66
4072,63.47
4073,46.86
4074,74.52
4075,4.51
4076,60.67
4077,18.43
4078,90.23
4079,30.12
4080,31.71
4081,45.47
4082,53.02
4083,41.18
4084,33.14
4085,81.48
4086,73.94
4087,95.43
4088,15.94
4089,74.71
4090,50.81
4091,77.39
4092,61.32
4093,82.83
4094,20.66
4095,80.5
4096,99.99
4097,6.92
4098,6.07
4099,16.29
4100,89.44
4101,87.17
4102,55.2
4103,29.58
4104,86.75
4105,7.21
4106,52.18
4107,76.8
4108,88.95
4109,78.28
4110,29.2
4111,26.8
4112,76.35
4113,94.63
4114,55.3
4115,90.76
4116,51.71
4117,79.56
4118,66.27
4119,64.54
4120,95.33
4121,59.29
4122,3.87
4123,12.57
4124,29.04
4125,68.06
4126,41.02
4127,89.44
4128,12.06
4129,26.62
4130,73.1
4131,62.22
4132,62.44
4133,64.87
4134,99.48
4135,2.98
4136,59.04
4137,71.13
4138,47.78
4139,5.71
4140,42.71
4141,97.86
4142,24.74
4143,4.18
4144,59.05
4145,97.9
4146,74.64
4147,45.18
4148,1.6
4149,81.19
4150,90.68
4151,10.02
4152,97.56
4153,54.46
4154,65.36
4155,68.45
4156,74.8
4157,97.72
4158,24.78
4159,62.24
4160,95.96
4161,57.96
4162,40.94
4163,26.5
4164,7.88
4165,50.51
4166,61.3
4167,71.08
4168,98.14
4169,65.76
4170,84.1
4171,34.04
4172,30.57
4173,88.49
4174,21.06
4175,86.44
4176,14.41
4177,28.69
4178,53.36
4179,73.21
4180,94.72
4181,10.09
4182,18.33
4183,89.34
4184,37.17
4185,96.94
4186,20.74
4187,48.95
4188,39.59
4189,69.74
4190,15.22
4191,30.14
4192,0.93
4193,26.91
4194,6.43
4195,74.67
4196,32.14
4197,94.02
4198,66.22
4199,74.06
4200,14.71
4201,92.31
4202,51.92
4203,18.94
4204,90.66
4205,55.86
4206,57.31
4207,17.9
4208,36.92
4209,86.66
4210,31.46
4211,58.83
4212,10.31
4213,45.74
4214,1.5
4215,54.99
4216,26.18
4217,89.53
4218,95.87
4219,97.97
4220,84.06
4221,44.95
4222,85.02
4223,2.47
4224,35.2
4225,92.97
4226,2.43
4227,68.39
4228,40.73
4229,31.91
4230,60.23
4231,49.23
4232,26.1
4233,58.23
4234,73.13
4235,54.83
4236,6.56
4237,50.81
4238,72.38
4239,78.84
4240,15.68
4241,2.74
4242,47.12
4243,5.65
4244,22.35
4245,63.07
4246,18.15
4247,10.55
4248,4.44
4249,26.42
4250,41.57
4251,32.87
4252,7.16
4253,37.55
4254,26.91
4255,11.6
4256,43.52
4257,44.06
4258,73.09
4259,53.88
4260,63.07
4261,98.15
4262,81.74
4263,46.42
4264,14.35
4265,49.46
4266,47.57
4267,11.89
4268,76.37
4269,87.71
4270,99.15
4271,55.67
4272,24.92
4273,98.23
4274,82.75
4275,97.83
4276,36.13
4277,71.33
4278,23.28
4279,53.6
4280,56.91
4281,32.38
4282,50.29
4283,87.97
4284,26.97
4285,12.74
4286,81.33
4287,3.9
4288,96.02
4289,1.99
4290,25.28
4291,10.65
4292,38.39
4293,23.62
4294,99.4
4295,36.16
4296,76.12
4297,88.05
4298,93.91
4299,12.77
4300,1.21
4301,96.37
4302,30.06
4303,79.11
4304,9.91
4305,45.42
4306,95.64
4307,65.7
4308,16.08
4309,40.26
4310,30.94
4311,26.73
4312,87.55
4313,69.59
4314,4.14
4315,39.18
4316,0.58
4317,14.64
4318,40.24
4319,56.64
4320,33.75
4321,91.94
4322,14.61
4323,36.31
4324,14.72
4325,89.67
4326,38.68
4327,24.41
4328,92.69
4329,20.82
4330,58.59
4331,23.91
4332,48.95
4333,3.3
4334,36.24
4335,46.13
4336,10.49
4337,37.04
4338,1.75
4339,29.13
4340,24.55
4341,82.11
4342,53.38
4343,51.69
4344,91.79
4345,51.41
4346,74.72
4347,93.56
4348,79.56
4349,8.54
4350,80.9
4351,58.84
4352,43.38
4353,20.38
4354,63.41
4355,74.37
4356,30.33
4357,58.51
4358,41.59
4359,44.96
4360,66.85
4361,68.03
4362,78.25
4363,58.94
4364,16.41
4365,99.03
4366,18.48
4367,45.84
4368,69.59
4369,35.08
4370,74.95
4371,60.08
4372,74.69
4373,2.55
4374,78.02
4375,5.08
4376,77.11
4377,57.1
4378,4.75
4379,25.98
4380,80.04
4381,37.55
4382,84.25
4383,22.11
4384,2.75
4385,83.99
4386,29.75
4387,52.86
4388,87.13
4389,5.98
4390,78.9
4391,13.44
4392,93.14
4393,91.82
4394,58.27
4395,69.55
4396,54.53
4397,17.14
4398,98.91
4399,99.94
4400,76.6
4401,49.17
4402,72.41
4403,21.68
4404,64.5
4405,35.1
4406,9.09
4407,8.45
4408,99.69
4409,36.74
4410,72.79
4411,45.47
4412,32.86
4413,99.34
4414,75.76
4415,28.96
4416,8.86
4417,84.79
4418,31.51
4419,26.79
4420,19.81
4421,55.9
4422,82.8
4423,25.73
4424,1.8
4425,72.01
4426,85.75
4427,24.89
4428,41.69
4429,35.31
4430,11.8
4431,68.02
4432,50.81
4433,51.72
4434,58.86
4435,33.94
4436,95.07
4437,26.57
4438,84.68
4439,65.19
4440,66.03
4441,40.42
4442,82.26
4443,27.93
4444,22.53
4445,96.88
4446,73.1
4447,69.22
4448,90.54
4449,51.47
4450,16.04
4451,66.42
4452,46.99
4453,34.24
4454,78.1
4455,99.19
4456,28.55
4457,89.98
4458,69.74
4459,0.96
4460,84.08
4461,73.34
4462,43.76
4463,74.16
4464,62.16
4465,82.39
4466,24.13
4467,95.45
4468,96.38
4469,20.18
4470,64.49
4471,55.86
4472,68.14
4473,5.24
4474,63.44
4475,6.85
4476,5.82
4477,90.9
4478,77.9
4479,91.62
4480,13.63
4481,13.77
4482,75.76
4483,13.14
4484,31.78
4485,19.45
4486,72.94
4487,28.72
4488,14.82
4489,24.82
4490,29.91
4491,43.73
4492,48.17
4493,33.99
4494,39.25
4495,7.51
4496,57.77
4497,33.32
4498,45.79
4499,41.1
4500,45.67
4501,97.51
4502,52.42
4503,46.87
4504,35.26
4505,14.3
4506,76.8
4507,0.94
4508,0.0
4509,16.93
4510,17.05
4511,56.41
4512,53.74
4513,42.66
4514,71.67
4515,78.09
4516,85.82
4517,91.35
4518,58.53
4519,2.58
4520,43.62
4521,53.74
4522,57.13
4523,86.85
4524,69.14
4525,79.52
4526,23.89
4527,53.39
4528,51.44
4529,51.98
4530,30.06
4531,91.67
4532,94.63
4533,86.44
4534,48.37
4535,88.43
4536,41.2
4537,1.48
4538,22.04
4539,29.35
4540,62.87
4541,11.7
4542,49.23
4543,52.45
4544,45.91
4545,11.9
4546,81.98
4547,67.36
4548,81.31
4549,1.97
4550,22.32
4551,42.79
4552,5.61
4553,95.74
4554,2.35
4555,59.87
4556,77.85
4557,5.27
4558,60.88
4559,42.5
4560,0.95
4561,98.61
4562,64.48
4563,60.34
4564,5.24
4565,0.49
4566,98.04
4567,15.91
4568,2.41
4569,21.54
4570,5.51
4571,53.42
4572,99.81
4573,45.95
4574,47.37
4575,97.46
4576,70.25
4577,71.16
4578,50.32
4579,53.3
4580,27.67
4581,18.2
4582,18.33
4583,29.32
4584,64.56
4585,90.13
4586,76.9
4587,20.89
4588,82.62
4589,95.06
4590,73.62
4591,82.17
4592,21.29
4593,57.02
4594,87.89
4595,16.55
4596,94.19
4597,56.41
4598,2.83
4599,39.54
4600,94.4
4601,16.94
4602,41.03
4603,5.37
4604,19.61
4605,54.92
4606,66.63
4607,1.8
4608,25.95
4609,13.54
4610,27.87
4611,85.08
4612,69.76
4613,81.59
4614,21.53
4615,63.09
4616,18.71
4617,0.09
4618,58.41
4619,59.25
4620,19.48
4621,62.34
4622,75.08
4623,97.25
4624,79.11
4625,51.79
4626,99.82
4627,91.96
4628,54.96
4629,34.37
4630,6.38
4631,47.12
4632,19.41
4633,4.0
4634,90.12
4635,88.7
4636,13.89
4637,65.22
4638,95.23
4639,36.8
4640,28.41
4641,77.73
4642,65.94
4643,7.37
4644,45.63
4645,93.67
4646,33.49
4647,77.74
4648,32.24
4649,17.68
4650,76.93
4651,59.44
4652,91.23
4653,54.72
4654,88.55
4655,37.67
4656,20.31
4657,30.88
4658,34.73
4659,18.13
4660,17.28
4661,83.26
4662,73.72
4663,1.72
4664,39.78
4665,37.99
4666,94.52
4667,67.78
4668,47.69
4669,10.49
4670,25.53
4671,7.95
4672,68.42
4673,12.37
4674,67.68
4675,22.97
4676,97.54
4677,9.65
4678,73.38
4679,56.1
4680,1.08
4681,54.74
4682,18.32
4683,96.3
4684,83.66
4685,38.93
4686,35.74
4687,41.01
4688,69.92
4689,76.47
4690,99.64
4691,47.05
4692,21.58
4693,6.14
4694,74.79
4695,99.92
4696,24.48
4697,23.39
4698,16.46
4699,6.83
4700,3.99
4701,24.92
4702,97.83
4703,97.87
4704,64.16
4705,59.63
4706,79.41
4707,72.34
4708,5.65
4709,48.08
4710,53.38
4711,98.24
4712,93.81
4713,33.5
4714,6.99
4715,5.98
4716,65.24
4717,46.78
4718,89.01
4719,87.51
4720,48.48
4721,65.16
4722,66.88
4723,28.02
4724,56.8
4725,65.25
4726,77.55
4727,29.77
4728,35.39
4729,38.78
4730,88.26
4731,86.61
4732,34.11
4733,23.32
4734,85.2
4735,96.01
4736,70.48
4737,98.86
4738,62.89
4739,67.12
4740,9.85
4741,68.45
4742,24.81
4743,21.59
4744,95.88
4745,25.44
4746,58.46
4747,77.27
4748,6.95
4749,14.83
4750,75.37
4751,5.07
4752,69.11
4753,99.05
4754,86.0
4755,42.22
4756,98.02
4757,97.99
4758,7.81
4759,18.27
4760,19.37
4761,43.41
4762,33.78
4763,47.13
4764,17.82
4765,16.26
4766,71.58
4767,12.0
4768,60.48
4769,34.16
4770,44.3
4771,77.51
4772,7.38
4773,24.36
4774,27.22
4775,99.97
4776,44.99
4777,57.11
4778,95.32
4779,94.23
4780,29.23
4781,33.64
4782,40.14
4783,64.35
4784,50.6
4785,54.21
4786,80.61
4787,12.7
4788,10.07
4789,61.08
4790,68.48
4791,26.08
4792,50.59
4793,34.16
4794,20.37
4795,4.99
4796,0.9
4797,90.78
4798,46.44
4799,51.51
4800,12.52
4801,22.68
4802,79.34
4803,65.81
4804,90.99
4805,24.72
4806,73.19
4807,10.88
4808,19.15
4809,75.89
4810,13.97
4811,17.17
4812,77.04
4813,81.15
4814,36.76
4815,52.09
4816,45.38
4817,37.46
4818,39.88
4819,83.0
4820,23.98
4821,13.8
4822,10.52
4823,38.2
4824,6.16
