1,9.07
2,13.55
3,52.8
4,75.81
5,65.95
6,59.21
7,40.32
8,1.97
9,94.87
10,47.21
1,74.15
2,4.66
3,56.04
4,37.22
5,42.85
6,9.18
7,21.22
8,27.17
9,69.74
10,35.69
11,41.7
12,34.35
13,25.06
14,34.85
15,69.02
16,6.11
17,40.81
18,76.16
19,16.77
20,87.89
21,0.79
22,43.45
23,42.72
24,39.0
25,3.45
26,18.57
27,32.83
28,85.43
29,56.58
30,43.55
31,10.04
32,79.84
33,52.63
34,58.71
35,95.67
36,72.12
37,58.52
38,7.01
39,85.35
40,16.85
41,60.44
42,45.49
43,48.24
44,91.73
45,71.58
46,48.34
47,10.4
48,50.52
49,8.31
50,25.92
51,40.84
52,76.59
53,76.5
54,15.36
55,46.68
56,43.06
57,99.48
58,2.41
59,75.82
60,95.18
61,75.43
62,47.71
63,98.98
64,48.68
65,33.93
66,17.85
67,73.57
68,9.47
69,13.01
70,57.04
71,78.01
72,82.67
73,49.61
74,16.82
75,42.84
76,26.66
77,54.48
78,98.4
79,78.77
80,59.92
81,64.27
82,58.23
83,55.47
84,99.06
85,95.62
86,45.57
87,11.26
88,16.58
89,85.3
90,0.86
91,61.36
92,59.92
93,98.69
94,77.97
95,89.01
96,5.95
97,68.81
98,59.14
99,69.74
100,88.9
101,3.37
102,32.77
103,97.96
104,59.69
105,86.93
106,70.17
107,52.28
108,31.65
109,55.91
110,62.59
111,8.04
112,99.85
113,12.51
114,63.51
115,71.22
116,66.21
117,54.21
118,41.57
119,73.13
120,51.93
121,1.69
122,50.53
123,94.72
124,23.4
125,8.51
126,38.97
127,28.88
128,80.51
129,66.48
130,61.16
131,83.5
132,52.12
133,41.04
134,95.26
135,75.31
136,16.35
137,18.34
138,92.66
139,68.39
140,36.87
141,94.13
142,54.42
143,52.72
144,26.22
145,2.9
146,7.45
147,59.44
148,64.25
149,6.62
150,35.54
151,38.27
152,87.04
153,78.62
154,80.18
155,90.47
156,63.02
157,42.7
158,46.24
159,34.69
160,78.69
161,11.04
162,40.1
163,83.19
164,39.75
165,29.35
166,5.73
167,46.45
168,27.67
169,82.19
170,17.53
171,94.24
172,48.65
173,5.23
174,75.79
175,95.6
176,88.16
177,10.47
178,29.92
179,21.16
180,84.42
181,52.02
182,80.47
183,12.58
184,62.68
185,91.05
186,69.86
187,77.73
188,99.97
189,27.91
190,20.74
191,58.14
192,77.63
193,29.34
194,84.17
195,56.69
196,85.71
197,58.04
198,15.53
199,5.15
200,64.07
201,42.05
202,13.71
203,27.68
204,70.41
205,42.7
206,15.45
207,75.55
208,19.18
209,29.31
210,72.89
211,65.66
212,89.53
213,24.59
214,13.93
215,30.65
216,42.22
217,54.99
218,91.84
219,16.41
220,44.07
221,85.95
222,12.14
223,96.91
224,28.1
225,92.02
226,40.82
227,87.78
228,4.3
229,63.71
230,73.32
231,19.18
232,96.04
233,74.02
234,91.16
235,48.84
236,68.58
237,62.79
238,61.39
239,52.56
240,37.28
241,56.95
242,64.78
243,68.18
244,89.12
245,9.85
246,58.76
247,54.14
248,61.95
249,41.52
250,3.87
251,57.41
252,20.9
253,35.75
254,39.18
255,23.96
256,97.49
257,74.84
258,23.03
259,53.67
260,65.36
261,19.82
262,82.78
263,28.45
264,64.26
265,67.46
266,84.34
267,26.74
268,92.02
269,11.21
270,63.81
271,71.4
272,8.51
273,17.78
274,36.97
275,7.78
276,22.89
277,58.05
278,31.82
279,83.95
280,38.83
281,19.72
282,66.68
283,51.07
284,1.79
285,99.89
286,92.15
287,25.01
288,23.71
289,5.11
290,95.36
291,93.81
292,88.33
293,50.31
294,73.32
295,46.31
296,19.67
297,81.22
298,33.97
299,50.69
300,56.16
301,45.09
302,17.2
303,24.01
304,97.55
305,39.94
306,72.8
307,78.43
308,45.93
309,38.14
310,42.63
311,42.42
312,5.71
313,58.35
314,11.71
315,36.17
316,78.59
317,49.67
318,32.85
319,62.55
320,8.78
321,84.54
322,44.54
323,0.84
324,43.64
325,72.38
326,12.0
327,32.56
328,89.42
329,11.62
330,19.02
331,0.9
332,30.92
333,75.11
334,67.22
335,44.47
336,88.49
337,82.34
338,52.42
339,7.66
340,69.64
341,64.49
342,93.98
343,82.76
344,95.79
345,41.42
346,22.58
347,47.19
348,57.12
349,3.18
350,37.04
351,33.14
352,28.16
353,9.27
354,59.61
355,69.74
356,40.5
357,29.72
358,93.2
359,24.18
360,15.44
361,99.1
362,92.63
363,47.49
364,1.09
365,53.77
366,33.05
367,23.7
368,56.55
369,82.79
370,61.57
371,78.58
372,6.57
373,14.41
374,41.75
375,26.3
376,58.24
377,73.62
378,33.61
379,21.88
380,53.9
381,33.58
382,31.14
383,43.18
384,24.06
385,54.44
386,87.65
387,65.67
388,42.07
389,61.8
390,46.89
391,50.0
392,29.4
393,56.3
394,24.01
395,54.81
396,75.9
397,83.63
398,95.88
399,78.76
400,44.14
401,40.78
402,60.12
403,45.02
404,21.87
405,58.4
406,83.13
407,80.25
408,96.61
409,8.44
410,84.93
411,20.75
412,55.21
413,47.56
414,29.1
415,94.58
416,64.87
417,60.44
418,67.72
419,63.38
420,54.62
421,63.96
422,9.84
423,16.47
424,18.31
425,9.6
426,66.43
427,49.81
428,21.14
429,3.05
430,28.69
431,14.95
432,99.59
433,27.87
434,10.94
435,67.25
436,9.94
437,69.76
438,70.25
439,55.35
440,2.98
441,42.59
442,87.84
443,11.48
444,49.68
445,16.39
446,95.01
447,80.0
448,14.11
449,25.15
450,78.85
451,95.86
452,89.79
453,5.24
454,89.93
455,44.14
456,11.84
457,99.71
458,83.14
459,9.57
460,57.06
461,12.93
462,2.99
463,31.99
464,94.46
465,66.59
466,55.27
467,24.82
468,62.47
469,69.11
470,87.7
471,21.68
472,31.02
473,74.61
474,5.18
475,65.97
476,92.32
477,69.49
478,78.81
479,15.72
480,43.7
481,3.41
482,32.92
483,62.83
484,20.58
485,73.0
486,79.22
487,56.21
488,35.09
489,42.71
490,82.96
491,42.06
492,69.79
493,73.94
494,31.43
1,92.78
2,94.88
3,8.11
4,39.33
5,25.56
6,69.47
7,94.82
8,4.4
9,83.14
10,47.31
11,81.96
12,88.99
13,38.54
14,61.41
15,4.79
16,16.56
17,41.47
18,13.58
19,18.95
20,54.47
21,10.87
22,94.32
23,42.29
24,9.52
25,93.29
26,96.51
27,96.78
28,18.24
29,1.43
30,55.02
31,80.06
32,56.35
33,3.89
34,62.42
35,73.79
36,43.77
37,81.88
38,23.71
39,88.23
40,74.16
41,56.21
42,4.18
43,94.96
44,6.77
45,6.12
46,95.85
47,50.87
48,47.22
49,86.01
50,37.77
51,68.68
52,89.2
53,19.99
54,7.84
55,29.49
56,50.99
57,37.83
58,21.66
59,59.15
60,2.29
61,28.92
62,47.73
63,94.2
64,87.28
65,7.95
66,48.51
67,78.21
68,22.83
69,43.6
70,82.14
71,32.96
72,46.51
73,46.78
74,80.23
75,6.82
76,55.05
77,89.24
78,36.03
79,52.26
80,15.32
81,75.31
82,70.52
83,59.58
84,56.73
85,42.65
86,87.62
87,50.0
88,44.01
89,24.2
90,47.83
91,38.64
92,35.16
93,40.23
94,65.41
95,27.06
96,80.89
97,95.07
98,35.4
99,33.38
100,62.26
101,45.76
102,53.24
103,63.22
104,69.99
105,21.36
106,72.18
107,53.69
108,96.16
109,85.77
110,28.07
111,21.04
112,93.73
113,96.08
114,55.3
115,29.7
116,49.06
117,57.87
118,82.51
119,14.57
120,19.9
121,54.63
122,34.43
123,40.04
124,37.46
125,43.08
126,23.42
127,22.74
128,99.5
129,3.52
130,76.43
131,39.28
132,58.78
133,98.46
134,25.15
135,46.11
136,5.48
137,52.37
138,88.72
139,91.23
140,95.82
141,10.68
142,35.85
143,94.3
144,31.34
145,60.69
146,13.18
147,33.54
148,88.93
149,13.64
150,53.06
151,32.83
152,43.56
153,67.23
154,61.72
155,56.97
156,40.89
157,91.93
158,68.65
159,89.77
160,19.17
161,23.68
162,8.58
163,49.92
164,65.11
165,17.58
166,80.91
167,55.33
168,59.52
169,11.23
170,45.35
171,40.28
172,44.17
173,8.83
174,3.26
175,85.18
176,57.25
177,21.49
178,96.85
179,96.76
180,6.14
181,4.93
182,65.33
183,59.38
184,3.57
185,58.53
186,92.67
187,36.73
188,51.65
189,37.13
190,40.18
191,53.82
192,87.31
193,13.37
194,31.69
195,19.34
196,54.7
197,56.9
198,46.21
199,2.07
200,34.2
201,81.79
202,45.58
203,79.8
204,52.56
205,2.71
206,61.89
207,43.38
208,43.5
209,54.02
210,31.47
211,43.93
212,3.27
213,43.73
214,65.11
215,33.44
216,62.85
217,77.53
218,68.28
219,59.71
220,64.33
221,82.0
222,70.44
223,75.7
224,6.34
225,73.41
226,56.71
227,93.46
228,85.45
229,67.93
230,53.54
231,53.04
232,72.39
233,57.21
234,60.01
235,13.62
236,34.58
237,13.59
238,53.04
239,10.23
240,91.84
241,38.28
242,60.54
243,56.78
244,8.49
245,95.73
246,83.31
247,82.45
248,83.03
249,62.32
250,54.34
251,96.53
252,76.22
253,82.38
254,57.9
255,31.63
256,24.71
257,21.98
258,72.14
259,6.63
260,46.02
261,91.77
262,22.09
263,52.34
264,38.98
265,33.43
266,12.89
267,66.05
268,36.32
269,85.37
270,26.75
271,87.76
272,60.09
273,28.57
274,48.97
275,61.7
276,56.44
277,3.25
278,11.7
279,94.84
280,15.25
281,44.54
282,61.4
283,56.09
284,56.57
285,36.45
286,68.92
287,76.87
288,92.85
289,19.04
290,63.3
291,10.38
292,18.64
293,32.92
294,70.53
295,71.89
296,79.59
297,16.68
298,99.67
299,53.21
300,66.82
301,87.65
302,64.15
303,66.95
304,94.54
305,32.39
306,13.78
307,68.83
308,73.79
309,2.42
310,66.22
311,74.26
312,53.35
313,25.87
314,54.6
315,15.44
316,26.07
317,72.13
318,45.02
319,31.83
320,32.68
321,40.26
322,6.44
323,83.16
324,74.77
325,37.7
326,25.08
327,5.18
328,26.9
329,65.88
330,21.34
331,80.98
332,76.8
333,48.15
334,67.74
335,11.67
336,97.3
337,47.34
338,79.49
339,47.6
340,43.06
341,12.49
342,46.79
343,67.64
344,95.12
345,37.86
346,1.25
347,59.7
348,9.78
349,65.38
350,26.27
351,30.79
352,4.09
353,66.88
354,26.53
355,26.11
356,1.15
357,17.18
358,85.9
359,77.92
360,31.5
361,16.13
362,6.94
363,37.49
364,65.86
365,34.37
366,94.33
367,54.22
368,5.41
369,77.28
370,38.57
371,10.9
372,23.62
373,77.77
374,98.97
375,14.96
376,68.97
377,80.15
378,93.06
379,5.34
380,74.14
381,18.78
382,91.15
383,69.68
384,78.13
385,91.93
386,33.06
387,26.07
388,20.45
389,62.25
390,66.56
391,95.3
392,18.42
393,17.49
394,45.95
395,13.65
396,69.48
397,84.41
398,97.8
399,15.03
400,80.27
401,22.75
402,96.78
403,18.35
404,82.27
405,23.75
406,83.49
407,77.62
408,24.72
409,2.89
410,6.81
411,60.05
412,82.56
413,56.4
414,19.33
415,96.96
416,55.45
417,25.68
418,72.6
419,3.86
420,0.29
421,34.96
422,2.21
423,5.37
424,36.55
425,96.33
426,3.82
427,36.27
428,91.13
429,29.1
430,19.46
431,9.52
432,97.08
433,91.03
434,65.89
435,11.18
436,99.88
437,7.3
438,95.93
439,36.36
440,91.05
441,56.97
442,6.1
443,10.71
444,47.13
445,11.22
446,17.3
447,79.35
448,49.43
449,27.61
450,37.59
451,68.64
452,15.47
453,86.64
454,94.16
455,3.57
456,99.07
457,56.34
458,7.82
459,81.63
460,61.58
461,53.62
462,21.53
463,21.82
464,58.15
465,96.1
466,20.42
467,71.55
468,12.63
469,7.02
470,74.86
471,18.03
472,62.51
473,64.75
474,39.31
475,53.89
476,50.13
477,4.85
478,41.37
479,62.45
480,72.46
481,41.39
482,97.65
483,99.11
484,45.28
485,96.09
486,33.42
487,92.74
488,75.07
489,45.96
490,76.66
491,97.43
492,47.94
493,6.65
494,12.45
495,48.41
496,95.51
497,63.09
498,50.66
499,69.04
500,50.17
501,98.1
502,25.48
503,4.21
504,35.85
505,92.34
506,57.27
507,14.57
508,59.85
509,24.28
510,41.05
511,83.17
512,39.52
513,42.66
514,93.28
515,77.61
516,84.54
517,51.62
518,50.71
519,31.04
520,26.6
521,3.4
522,67.11
523,41.0
524,42.16
525,25.23
526,33.41
527,45.68
528,59.35
529,60.55
530,79.79
531,20.73
532,81.6
533,36.75
534,92.59
535,48.37
536,10.62
537,75.11
538,52.44
539,69.93
540,33.28
541,94.36
542,8.54
543,26.39
544,70.22
545,70.06
546,62.3
547,89.16
548,99.35
549,87.97
550,24.2
551,67.93
552,8.21
553,91.6
554,38.03
555,91.6
556,84.16
557,4.68
558,88.17
559,77.25
560,23.64
561,3.69
562,58.35
563,98.4
564,75.86
565,34.16
566,40.91
567,21.66
568,88.56
569,64.65
570,47.3
571,70.14
572,57.69
573,56.04
574,35.4
575,34.91
576,76.73
577,94.45
578,41.08
579,62.46
580,93.33
581,58.62
582,88.69
583,61.82
584,98.21
585,16.3
586,55.78
587,69.38
588,91.17
589,82.72
590,78.22
591,57.48
592,7.05
593,92.91
594,96.45
595,51.54
596,75.37
597,83.58
598,44.77
599,43.67
600,59.22
601,26.51
602,57.7
603,23.6
604,65.76
605,73.46
606,65.83
607,94.59
608,95.91
609,69.38
610,69.09
611,35.05
612,54.18
613,51.66
614,35.86
615,51.69
616,93.86
617,79.66
618,22.64
619,41.21
620,22.48
621,66.17
622,94.45
623,61.74
624,21.56
625,26.16
626,34.02
627,57.04
628,49.36
629,71.34
630,42.61
631,44.37
632,43.27
633,30.77
634,11.9
635,16.48
636,34.77
637,32.78
638,77.77
639,99.37
640,47.6
641,98.18
642,0.64
643,58.01
644,39.93
645,14.74
646,92.47
647,49.19
648,56.53
649,55.79
650,73.29
651,80.44
652,15.52
653,94.86
654,7.1
655,30.39
656,73.45
657,79.77
658,86.17
659,67.5
660,63.49
661,1.89
662,27.09
663,90.8
664,35.48
665,39.38
666,13.37
667,28.94
668,53.54
669,30.63
670,28.07
671,23.49
672,38.77
673,42.69
674,33.53
675,84.27
676,74.29
677,80.92
678,29.71
679,65.55
680,81.06
681,40.0
682,6.15
683,39.27
684,27.82
685,57.82
686,99.68
687,45.99
688,47.42
689,35.71
690,41.16
691,84.22
692,21.19
693,64.72
694,32.16
695,24.02
696,73.87
697,48.5
698,22.85
699,7.24
700,73.96
701,28.51
702,64.8
703,91.72
704,53.92
705,54.68
706,88.92
707,11.45
708,91.38
709,90.18
710,7.01
711,76.8
712,62.49
713,8.01
714,94.02
715,86.81
716,71.33
717,87.8
718,38.02
719,77.32
720,47.43
721,43.34
722,75.38
723,15.15
724,99.21
725,56.12
726,82.32
727,62.27
728,54.93
729,34.19
730,35.96
731,65.87
732,98.36
733,5.84
734,81.76
735,66.25
736,63.96
737,22.23
738,53.74
739,86.28
740,82.26
741,20.87
742,97.81
743,4.97
744,46.49
745,55.5
746,13.29
747,97.56
748,36.04
749,45.67
750,98.38
751,57.74
752,97.56
753,87.47
754,91.21
755,84.63
756,34.79
757,87.42
758,57.43
759,9.59
760,41.3
761,43.62
762,53.54
763,53.3
764,3.83
765,34.58
766,92.26
767,7.98
768,48.5
769,65.6
770,20.45
771,23.97
772,35.11
773,32.64
774,10.76
775,84.75
776,71.82
777,90.34
778,1.74
779,80.61
780,89.63
781,43.66
782,34.5
783,34.67
784,25.5
785,48.41
786,16.89
787,23.53
788,29.46
789,8.5
790,4.52
791,43.82
792,42.07
793,71.5
794,76.16
795,5.77
796,13.46
797,83.05
798,2.86
799,89.63
800,39.66
801,60.88
802,2.13
803,41.1
804,35.82
805,93.36
806,71.75
807,14.37
808,47.37
809,73.33
810,86.2
811,14.84
812,93.79
813,70.75
814,35.47
815,34.27
816,48.4
817,7.97
818,9.28
819,40.83
820,14.97
821,7.77
822,48.23
823,87.93
824,38.53
825,62.68
826,99.93
827,17.74
828,39.37
829,93.48
830,85.78
831,59.48
832,91.11
833,54.82
834,52.85
835,20.04
836,84.01
837,30.82
838,72.49
839,68.66
840,70.42
841,75.22
842,82.95
843,79.46
844,39.2
845,54.57
846,13.17
847,95.1
848,12.63
849,42.26
850,59.32
851,34.93
852,37.32
853,10.5
854,10.25
855,96.1
856,6.28
857,57.97
858,44.76
859,67.73
860,78.22
861,70.54
862,62.37
863,90.37
864,0.7
865,27.66
866,38.18
867,84.54
868,73.6
869,70.36
870,25.15
871,79.33
872,20.27
873,63.56
874,49.43
875,27.22
876,21.1
877,67.3
878,82.38
879,9.3
880,96.34
881,85.3
882,3.67
883,90.62
884,40.37
885,6.3
886,52.07
887,15.5
888,36.94
889,73.21
890,99.89
891,43.55
892,44.05
893,67.93
894,21.44
895,87.11
896,39.04
897,36.41
898,45.69
899,98.03
900,14.16
901,95.98
902,41.83
903,20.22
904,16.26
905,56.91
906,85.46
907,20.47
908,89.93
909,25.26
910,67.11
911,10.55
912,22.75
913,52.58
914,66.05
915,24.22
916,50.36
917,43.41
918,17.78
919,79.86
920,64.3
921,73.08
922,58.89
923,17.49
924,26.96
925,35.01
926,92.16
927,5.27
928,46.5
929,57.33
930,19.27
931,24.43
932,16.54
933,27.45
934,45.52
935,3.14
936,71.28
937,66.05
938,20.59
939,5.13
940,90.54
941,55.51
942,36.51
943,66.94
944,18.02
945,55.99
946,52.38
947,97.63
948,31.96
949,6.07
950,37.8
951,59.23
952,66.59
953,9.06
954,63.52
955,62.74
956,81.05
957,32.44
958,34.05
959,1.98
960,23.51
961,4.49
962,11.72
963,4.74
964,77.16
965,20.64
966,4.02
967,43.81
968,21.41
969,14.78
970,81.26
971,88.97
972,24.58
973,35.7
974,42.14
975,73.41
976,81.98
977,17.14
978,8.39
979,99.09
980,94.27
981,62.71
982,52.31
983,26.55
984,58.12
985,92.86
986,15.77
987,86.3
988,86.41
989,29.0
990,58.65
991,34.42
992,92.52
993,83.13
994,4.85
995,6.8
996,57.26
997,59.1
998,63.86
999,51.8
1000,77.41
1001,56.89
1002,24.91
1003,39.74
1004,70.08
1005,18.7
1006,63.75
1007,25.63
1008,68.56
1009,70.43
1010,87.22
1011,24.4
1012,26.26
1013,91.63
1014,57.5
1015,82.19
1016,62.45
1017,50.76
1018,39.05
1019,38.96
1020,72.86
1021,22.79
1022,79.23
1023,89.89
1024,34.56
1025,42.54
1026,75.58
1027,13.81
1028,15.07
1029,78.23
1030,46.28
1031,34.41
1032,88.09
1033,93.19
1034,63.47
1035,60.78
1036,39.23
1037,38.61
1038,31.44
1039,48.91
1040,92.05
1041,12.77
1042,54.5
1043,23.0
1044,7.98
1045,50.77
1046,75.9
1047,63.58
1048,13.58
1049,87.09
1050,14.66
1051,17.19
1052,60.41
1053,66.68
1054,20.54
1055,74.63
1056,27.81
1057,52.24
1058,90.33
1059,17.02
1060,97.14
1061,57.86
1062,62.18
1063,86.75
1064,90.32
1065,16.02
1066,23.36
1067,89.24
1068,49.36
1069,14.04
1070,9.07
1071,63.29
1072,77.3
1073,4.69
1074,65.48
1075,94.55
1076,88.33
1077,25.44
1078,42.93
1079,47.78
1080,54.56
1081,50.65
1082,63.79
1083,81.76
1084,81.92
1085,82.17
1086,19.37
1087,3.69
1088,60.86
1089,83.28
1090,99.88
1091,72.85
1092,69.04
1093,88.1
1094,70.93
1095,63.19
1096,74.92
1097,77.95
1098,55.69
1099,71.31
1100,57.7
1101,75.01
1102,92.45
1103,31.64
1104,89.74
1105,29.92
1106,96.04
1107,50.98
1108,83.37
1109,30.62
1110,46.4
1111,99.8
1112,24.51
1113,96.25
1114,35.89
1115,79.79
1116,95.95
1117,16.39
1118,62.02
1119,1.79
1120,66.8
1121,65.5
1122,52.27
1123,6.94
1124,65.33
1125,70.64
1126,85.54
1127,66.16
1128,64.59
1129,8.72
1130,49.73
1131,64.37
1132,10.34
1133,90.73
1134,92.75
1135,10.75
1136,84.95
1137,79.08
1138,41.81
1139,54.26
1140,78.71
1141,24.8
1142,60.35
1143,2.65
1144,0.83
1145,98.29
1146,24.77
1147,82.34
1148,93.53
1149,73.51
1150,37.54
1151,49.1
1152,28.13
1153,5.4
1154,89.2
1155,18.63
1156,41.84
1157,55.58
1158,6.37
1159,38.75
1160,67.28
1161,79.46
1162,91.95
1163,54.82
1164,25.41
1165,53.98
1166,85.26
1167,25.78
1168,20.97
1169,38.52
1170,68.67
1171,96.7
1172,67.61
1173,22.86
1174,73.09
1175,90.7
1176,77.22
1177,43.4
1178,35.39
1179,99.76
1180,76.68
1181,97.63
1182,90.68
1183,21.87
1184,59.79
1185,63.91
1186,89.89
1187,35.37
1188,21.35
1189,84.76
1190,40.64
1191,71.68
1192,64.15
1193,69.42
1194,87.58
1195,1.69
1196,40.65
1197,98.62
1198,12.89
1199,1.0
1200,90.47
1201,68.91
1202,65.23
1203,34.65
1204,65.67
1205,94.41
1206,91.34
1207,16.34
1208,52.51
1209,24.32
1210,93.55
1211,72.97
1212,93.83
1213,20.86
1214,13.46
1215,10.72
1216,6.97
1217,82.98
1218,73.0
1219,18.62
1220,45.86
1221,22.14
1222,74.01
1223,48.87
1224,47.95
1225,47.62
1226,27.66
1227,93.07
1228,51.57
1229,5.07
1230,95.03
1231,82.9
1232,50.97
1233,68.81
1234,56.76
1235,80.39
1236,19.67
1237,26.97
1238,62.94
1239,87.78
1240,71.38
1241,0.4
1242,60.14
1243,38.5
1244,9.36
1245,89.16
1246,71.63
1247,83.13
1248,65.94
1249,46.28
1250,83.46
1251,45.74
1252,45.49
1253,19.89
1254,13.69
1255,76.86
1256,24.24
1257,42.33
1258,60.23
1259,60.95
1260,62.44
1261,48.93
1262,50.5
1263,89.94
1264,54.74
1265,55.12
1266,56.95
1267,64.53
1268,80.48
1269,21.64
1270,45.23
1271,20.7
1272,48.4
1273,9.03
1274,45.33
1275,29.07
1276,10.34
1277,37.56
1278,83.68
1279,76.31
1280,1.88
1281,56.24
1282,12.6
1283,81.05
1284,44.84
1285,9.57
1286,31.81
1287,62.56
1288,33.35
1289,31.14
1290,55.07
1291,27.52
1292,59.29
1293,24.61
1294,76.22
1295,1.91
1296,30.45
1297,31.33
1298,54.95
1299,5.26
1300,73.14
1301,38.31
1302,60.04
1303,27.36
1304,87.17
1305,70.54
1306,24.72
1307,58.48
1308,59.74
1309,59.77
1310,35.85
1311,49.49
1312,46.5
1313,97.06
1314,4.29
1315,33.79
1316,24.95
1317,11.64
1318,92.08
1319,15.57
1320,60.8
1321,0.61
1322,50.28
1323,34.58
1324,14.42
1325,47.82
1326,76.07
1327,23.69
1328,48.62
1329,79.27
1330,0.47
1331,46.84
1332,15.12
1333,91.48
1334,75.02
1335,5.3
1336,7.17
1337,19.14
1338,3.27
1339,46.25
1340,92.52
1341,69.35
1342,7.86
1343,59.61
1344,27.97
1345,28.79
1346,45.1
1347,12.65
1348,85.61
1349,29.18
1350,84.74
1351,52.61
1352,54.16
1353,98.52
1354,46.59
1355,70.19
1356,36.28
1357,75.37
1358,38.92
1359,66.11
1360,74.65
1361,72.33
1362,25.77
1363,40.93
1364,75.2
1365,3.6
1366,62.08
1367,22.5
1368,39.36
1369,41.83
1370,9.0
1371,48.74
1372,36.96
1373,73.3
1374,42.04
1375,78.38
1376,54.72
1377,82.68
1378,30.7
1379,66.55
1380,60.67
1381,29.54
1382,46.12
1383,81.78
1384,94.3
1385,79.93
1386,64.24
1387,23.72
1388,7.44
1389,2.5
1390,4.8
1391,36.12
1392,22.87
1393,40.89
1394,21.93
1395,0.23
1396,92.2
1397,32.73
1398,23.1
1399,48.31
1400,89.59
1401,35.53
1402,33.63
1403,91.43
1404,69.09
1405,4.61
1406,99.69
1407,26.76
1408,35.5
1409,53.67
1410,11.84
1411,57.69
1412,16.1
1413,60.49
1414,56.36
1415,21.87
1416,22.07
1417,14.21
1418,16.04
1419,80.66
1420,82.32
1421,84.83
1422,38.51
1423,62.15
1424,75.97
1425,94.03
1426,43.96
1427,22.82
1428,85.16
1429,67.71
1430,31.25
1431,58.36
1432,45.55
1433,64.57
1434,17.0
1435,93.76
1436,88.24
1437,41.56
1438,59.08
1439,47.41
1440,52.75
1441,38.18
1442,33.69
1443,41.39
1444,8.44
1445,5.25
1446,83.86
1447,2.54
1448,62.97
1449,30.07
1450,90.34
1451,25.29
1452,98.78
1453,25.69
1454,35.23
1455,1.14
1456,76.63
1457,35.33
1458,69.83
1459,87.35
1460,43.87
1461,65.83
1462,85.18
1463,30.9
1464,8.11
1465,36.98
1466,15.69
1467,13.16
1468,50.11
1469,40.14
1470,59.86
1471,30.93
1472,25.5
1473,49.31
1474,29.84
1475,5.37
1476,18.94
1477,20.99
1478,16.48
1479,53.56
1480,13.42
1481,14.57
1482,29.81
1483,87.81
1484,22.93
1485,5.28
1486,75.14
1487,98.32
1488,14.1
1489,84.43
1490,71.37
1491,56.14
1492,26.75
1493,92.57
1494,86.49
1495,84.81
1496,26.51
1497,32.24
1498,66.87
1499,97.77
1500,18.04
1501,87.0
1502,37.93
1503,35.28
1504,2.01
1505,96.48
1506,43.21
1507,36.24
1508,98.96
1509,69.91
1510,46.96
1511,88.39
1512,59.42
1513,53.13
1514,4.93
1515,68.95
1516,21.82
1517,31.01
1518,53.08
1519,52.99
1520,37.14
1521,95.87
1522,25.74
1523,28.37
1524,28.08
1525,95.37
1526,23.59
1527,86.29
1528,45.52
1529,1.83
1530,50.64
1531,20.99
1532,27.28
1533,22.61
1534,27.49
1535,76.94
1536,83.06
1537,94.65
1538,85.12
1539,56.21
1540,60.05
1541,73.69
1542,52.75
1543,47.68
1544,85.98
1545,15.19
1546,17.62
1547,9.05
1548,44.12
1549,97.43
1550,29.75
1551,60.99
1552,69.73
1553,90.47
1554,60.55
1555,7.48
1556,45.13
1557,97.36
1558,27.91
1559,80.65
1560,95.26
1561,61.45
1562,48.94
1563,20.18
1564,79.98
1565,17.08
1566,75.84
1567,85.98
1568,53.18
1569,36.57
1570,43.69
1571,25.51
1572,61.36
1573,47.77
1574,10.32
1575,76.7
1576,2.9
1577,16.18
1578,12.93
1579,71.3
1580,55.92
1581,39.17
1582,28.84
1583,43.21
1584,12.37
1585,61.73
1586,98.44
1587,80.06
1588,67.57
1589,28.83
1590,3.67
1591,49.74
1592,80.12
1593,75.58
1594,10.63
1595,84.34
1596,22.89
1597,85.96
1598,22.11
1599,23.28
1600,15.21
1601,21.03
1602,96.09
1603,45.68
1604,14.57
1605,24.04
1606,69.24
1607,44.06
1608,68.52
1609,73.75
1610,60.24
1611,85.14
1612,61.2
1613,69.81
1614,39.67
1615,90.95
1616,31.06
1617,10.9
1618,44.44
1619,25.51
1620,5.74
1621,30.17
1622,36.9
1623,34.11
1624,50.38
1625,71.63
1626,9.23
1627,87.7
1628,1.68
1629,32.31
1630,45.85
1631,82.84
1632,21.44
1633,79.0
1634,3.56
1635,47.15
1636,28.07
1637,40.9
1638,97.76
1639,17.66
1640,72.85
1641,10.39
1642,79.7
1643,32.43
1644,20.9
1645,68.3
1646,57.7
1647,73.32
1648,76.11
1649,65.2
1650,33.9
1651,12.46
1652,73.33
1653,32.63
1654,12.82
1655,88.12
1656,46.97
1657,10.42
1658,39.7
1659,70.11
1660,91.58
1661,12.0
1662,81.23
1663,17.79
1664,64.27
1665,19.57
1666,10.59
1667,96.95
1668,67.58
1669,76.05
1670,7.89
1671,43.16
1672,84.64
1673,15.78
1674,72.62
1675,47.05
1676,36.3
1677,48.98
1678,17.0
1679,29.44
1680,32.13
1681,20.98
1682,99.3
1683,83.49
1684,73.9
1685,58.47
1686,93.84
1687,9.39
1688,64.7
1689,89.01
1690,28.39
1691,0.15
1692,35.47
1693,61.7
1694,48.51
1695,68.92
1696,65.45
1697,71.49
1698,65.15
1699,79.57
1700,64.76
1701,97.18
1702,84.3
1703,70.06
1704,28.87
1705,17.18
1706,22.88
1707,33.05
1708,69.27
1709,69.13
1710,37.81
1711,62.33
1712,24.61
1713,56.27
1714,72.77
1715,32.78
1716,10.33
1717,83.89
1718,77.77
1719,37.12
1720,42.05
1721,7.67
1722,8.28
1723,26.91
1724,34.78
1725,97.34
1726,94.92
1727,67.11
1728,20.52
1729,35.87
1730,5.59
1731,67.73
1732,0.52
1733,41.61
1734,77.0
1735,14.11
1736,10.41
1737,73.13
1738,57.74
1739,59.48
1740,87.89
1741,56.53
1742,91.67
1743,67.28
1744,24.87
1745,96.25
1746,85.64
1747,97.43
1748,92.97
1749,82.62
1750,72.12
1751,15.5
1752,57.17
1753,58.81
1754,67.6
1755,28.82
1756,69.51
1757,11.32
1758,94.88
1759,91.25
1760,62.91
1761,93.15
1762,3.57
1763,66.74
1764,1.73
1765,92.25
1766,30.1
1767,42.3
1768,69.7
1769,4.63
1770,85.03
1771,60.48
1772,65.44
1773,66.23
1774,54.31
1775,23.69
1776,32.7
1777,64.09
1778,76.78
1779,26.41
1780,6.82
1781,24.67
1782,77.19
1783,57.09
1784,81.82
1785,9.95
1786,95.91
1787,94.5
1788,40.38
1789,89.77
1790,88.78
1791,92.24
1792,26.1
1793,46.55
1794,92.95
1795,27.76
1796,35.78
1797,16.61
1798,90.92
1799,90.94
1800,39.88
1801,66.79
1802,65.17
1803,51.07
1804,27.97
1805,62.97
1806,84.18
1807,86.43
1808,25.46
1809,11.76
1810,83.83
1811,92.14
1812,22.33
1813,17.11
1814,97.39
1815,82.31
1816,8.49
1817,12.37
1818,41.99
1819,53.39
1820,51.54
1821,7.77
1822,27.36
1823,18.46
1824,49.29
1825,5.43
1826,38.97
1827,15.35
1828,4.75
1829,12.95
1830,62.58
1831,14.96
1832,53.19
1833,38.81
1834,22.84
1835,12.5
1836,86.63
1837,71.48
1838,29.81
1839,72.78
1840,43.68
1841,75.43
1842,41.02
1843,2.91
1844,61.56
1845,74.0
1846,35.07
1847,92.36
1848,55.73
1849,16.97
1850,74.4
1851,18.1
1852,34.67
1853,38.92
1854,30.13
1855,80.77
1856,90.69
1857,52.14
1858,43.98
1859,70.44
1860,32.84
1861,26.68
1862,92.61
1863,14.19
1864,1.22
1865,63.18
1866,92.62
1867,3.81
1868,78.68
1869,73.78
1870,69.38
1871,77.39
1872,99.52
1873,15.14
1874,57.53
1875,45.33
1876,16.88
1877,71.93
1878,45.95
1879,32.87
1880,9.18
1881,87.71
1882,67.04
1883,61.04
1884,17.36
1885,31.74
1886,97.14
1887,69.37
1888,50.77
1889,76.3
1890,47.84
1891,82.99
1892,59.85
1893,46.27
1894,57.27
1895,34.48
1896,93.96
1897,53.06
1898,67.28
1899,2.5
1900,21.31
1901,90.94
1902,56.3
1903,22.65
1904,99.74
1905,24.27
1906,33.39
1907,39.27
1908,25.02
1909,76.44
1910,36.31
1911,39.25
1912,27.09
1913,22.54
1914,64.9
1915,94.49
1916,8.52
1917,40.58
1918,59.48
1919,83.93
1920,10.16
1921,20.85
1922,16.96
1923,22.91
1924,55.06
1925,55.52
1926,20.36
1927,6.0
1928,76.12
1929,87.23
1930,10.21
1931,49.01
1932,38.08
1933,76.12
1934,42.09
1935,40.01
1936,28.76
1937,50.2
1938,0.61
1939,41.47
1940,86.0
1941,67.48
1942,93.7
1943,15.24
1944,65.05
1945,19.6
1946,93.0
1947,79.66
1948,86.78
1949,0.43
1950,19.51
1951,24.31
1952,36.08
1953,1.58
1954,26.63
1955,72.7
1956,11.97
1957,89.55
1958,31.39
1959,19.92
1960,97.49
1961,70.85
1962,13.74
1963,34.53
1964,0.78
1965,39.65
1966,25.22
1967,32.91
1968,11.31
1969,71.57
1970,25.02
1971,60.77
1972,38.15
1973,22.11
1974,60.56
1975,83.94
1976,75.5
1977,13.85
1978,88.98
1979,98.86
1980,84.14
1981,55.5
1982,59.29
1983,99.34
1984,45.26
1985,7.05
1986,71.39
1987,2.48
1988,39.69
1989,28.92
1990,92.94
1991,94.6
1992,9.79
1993,13.87
1994,25.96
1995,40.1
1996,11.67
1997,38.59
1998,26.99
1999,96.12
2000,77.38
2001,62.22
2002,49.93
2003,99.62
2004,79.68
2005,67.99
2006,43.03
2007,24.55
2008,87.03
2009,23.6
2010,19.33
2011,59.32
2012,89.33
2013,48.5
2014,39.4
2015,68.04
2016,21.8
2017,59.19
2018,44.23
2019,68.86
2020,65.46
2021,82.62
2022,68.42
2023,13.2
2024,50.71
2025,90.81
2026,83.93
2027,27.93
2028,76.05
2029,32.03
2030,60.89
2031,81.88
2032,64.0
2033,41.36
2034,49.61
2035,68.95
2036,93.99
2037,72.46
2038,21.08
2039,77.02
2040,86.44
2041,28.19
2042,24.87
2043,52.86
2044,58.92
2045,97.48
2046,43.11
2047,90.26
2048,82.79
2049,20.49
2050,80.97
2051,60.2
2052,50.27
2053,9.24
2054,52.57
2055,87.42
2056,21.12
2057,50.01
2058,51.9
2059,77.75
2060,72.54
2061,21.52
2062,34.47
2063,41.74
2064,38.31
2065,67.79
2066,32.58
2067,40.47
2068,18.42
2069,36.33
2070,89.25
2071,60.59
2072,14.28
2073,21.11
2074,59.97
2075,60.51
2076,73.71
2077,93.2
2078,52.26
2079,83.32
2080,42.13
2081,89.06
2082,68.36
2083,94.42
2084,68.75
2085,0.78
2086,79.56
2087,31.3
2088,6.5
2089,53.61
2090,46.04
2091,64.19
2092,21.1
2093,20.71
2094,86.61
2095,47.93
2096,1.64
2097,55.68
2098,7.19
2099,49.08
2100,18.79
2101,5.2
2102,15.59
2103,47.46
2104,90.89
2105,13.35
2106,65.81
2107,94.14
2108,48.0
2109,23.29
2110,19.37
2111,16.05
2112,80.14
2113,86.29
2114,21.92
2115,19.63
2116,55.88
2117,19.58
2118,61.69
2119,40.66
2120,9.55
2121,69.38
2122,57.85
2123,12.77
2124,54.54
2125,81.85
2126,72.25
2127,83.71
2128,98.64
2129,52.49
2130,13.17
2131,16.54
2132,45.39
2133,33.09
2134,12.38
2135,2.78
2136,17.3
2137,24.48
2138,22.24
2139,95.65
2140,56.96
2141,30.67
2142,59.63
2143,81.59
2144,2.01
2145,59.62
2146,52.47
2147,91.15
2148,84.47
2149,64.09
2150,6.28
2151,77.84
2152,37.37
2153,12.73
2154,61.12
2155,3.58
2156,90.91
2157,23.04
2158,29.07
2159,54.07
2160,4.74
2161,40.09
2162,69.8
2163,63.32
2164,20.54
2165,60.03
2166,12.02
2167,1.83
2168,21.24
2169,8.31
2170,42.62
2171,80.43
2172,86.85
2173,93.2
2174,83.92
2175,7.95
2176,20.15
2177,39.25
2178,82.12
2179,35.49
2180,77.92
2181,88.73
2182,41.67
2183,58.47
2184,38.9
2185,59.53
2186,95.25
2187,66.85
2188,75.96
2189,67.98
2190,81.41
2191,74.89
2192,48.86
2193,26.08
2194,1.75
2195,9.83
2196,99.02
2197,0.96
2198,48.37
2199,82.84
2200,41.23
2201,18.89
2202,5.69
2203,17.75
2204,49.9
2205,68.74
2206,33.74
2207,43.63
2208,24.9
2209,49.76
2210,65.47
2211,69.21
2212,32.01
2213,10.2
2214,13.12
2215,40.18
2216,74.08
2217,55.93
2218,87.08
2219,93.82
2220,69.89
2221,97.42
2222,68.35
2223,47.36
2224,80.53
2225,83.65
2226,62.27
2227,32.2
2228,32.58
2229,28.22
2230,49.88
2231,92.87
2232,72.92
2233,17.79
2234,89.18
2235,98.65
2236,1.3
2237,87.12
2238,75.59
2239,13.05
2240,53.94
2241,98.26
2242,45.31
2243,24.13
2244,49.98
2245,33.09
2246,98.45
2247,55.54
2248,1.01
2249,97.62
2250,18.71
2251,77.21
2252,0.78
2253,7.54
2254,9.55
2255,46.09
2256,63.39
2257,91.38
2258,59.42
2259,72.26
2260,30.39
2261,55.04
2262,39.82
2263,12.25
2264,4.82
2265,7.0
2266,97.22
2267,37.29
2268,58.02
2269,94.59
2270,98.97
2271,57.92
2272,20.3
2273,57.98
2274,34.78
2275,31.23
2276,41.55
2277,31.8
2278,44.44
2279,22.17
2280,23.46
2281,42.6
2282,13.78
2283,53.65
2284,65.83
2285,1.06
2286,78.22
2287,83.39
2288,57.59
2289,27.53
2290,20.19
2291,69.56
2292,84.78
2293,62.36
2294,11.91
2295,54.76
2296,68.05
2297,69.65
2298,88.71
2299,70.86
2300,75.34
2301,96.13
2302,4.14
2303,60.04
2304,9.58
2305,41.94
2306,7.56
2307,97.63
2308,59.87
2309,19.89
2310,38.85
2311,34.76
2312,96.49
2313,89.05
2314,0.48
2315,54.48
2316,31.51
2317,99.47
2318,23.73
2319,84.99
2320,5.3
2321,58.57
2322,4.18
2323,0.24
2324,89.74
2325,31.36
2326,3.63
2327,65.62
2328,95.8
2329,32.78
2330,37.55
2331,63.0
2332,61.3
2333,8.47
2334,93.48
2335,48.91
2336,16.21
2337,85.29
2338,52.1
2339,64.05
2340,81.52
2341,45.53
2342,39.92
2343,72.06
2344,10.0
2345,96.72
2346,84.74
2347,81.16
2348,74.45
2349,71.07
2350,69.67
2351,38.22
2352,15.31
2353,98.37
2354,40.54
2355,0.87
2356,74.91
2357,88.66
2358,48.07
2359,46.79
2360,81.75
2361,41.16
2362,54.91
2363,79.57
2364,15.68
2365,78.41
2366,51.18
2367,63.18
2368,69.6
2369,70.47
2370,70.09
2371,54.79
2372,74.7
2373,70.9
2374,19.1
2375,70.51
2376,78.91
2377,0.25
2378,69.27
2379,17.78
2380,57.79
2381,36.06
2382,49.79
2383,33.88
2384,6.73
2385,96.96
2386,33.82
2387,22.27
2388,84.43
2389,13.97
2390,47.73
2391,79.6
2392,5.84
2393,56.1
2394,94.72
2395,50.21
2396,47.96
2397,35.66
2398,12.29
2399,17.4
2400,85.63
2401,37.99
2402,20.63
2403,75.76
2404,83.56
2405,31.91
2406,72.37
2407,13.85
2408,88.84
2409,35.23
2410,62.33
2411,47.04
2412,99.57
2413,78.66
2414,6.49
2415,68.94
2416,51.39
2417,46.64
2418,3.35
2419,38.18
2420,2.88
2421,23.83
2422,53.42
2423,80.02
2424,93.54
2425,34.34
2426,0.37
2427,75.73
2428,93.39
2429,86.57
2430,33.16
2431,96.78
2432,37.29
2433,46.23
2434,26.61
2435,60.83
2436,71.95
2437,61.83
2438,23.82
2439,97.01
2440,59.72
2441,84.93
2442,80.24
2443,54.21
2444,10.66
2445,45.1
2446,95.6
2447,67.11
2448,70.41
2449,61.94
2450,36.3
2451,13.8
2452,21.32
2453,41.33
2454,52.14
2455,23.92
2456,14.82
2457,36.39
2458,28.7
2459,57.77
2460,16.85
2461,32.2
2462,73.93
2463,4.45
2464,26.4
2465,60.63
2466,18.37
2467,62.3
2468,22.47
2469,92.19
2470,81.77
2471,4.21
2472,86.68
2473,52.88
2474,46.68
2475,45.61
2476,0.28
2477,68.89
2478,14.49
2479,3.21
2480,66.02
2481,88.1
2482,61.34
2483,27.76
2484,94.13
2485,63.42
2486,41.37
2487,27.71
2488,9.49
2489,44.54
2490,72.31
2491,48.67
2492,56.18
2493,36.55
2494,8.03
2495,80.85
2496,79.96
2497,30.95
2498,47.37
2499,18.26
2500,78.3
2501,65.15
2502,95.4
2503,26.07
2504,83.51
2505,70.66
2506,62.89
2507,87.07
2508,85.99
2509,98.0
2510,52.71
2511,45.32
2512,94.92
2513,18.65
2514,17.79
2515,28.55
2516,18.29
2517,21.25
2518,86.54
2519,21.61
2520,42.34
2521,26.78
2522,54.41
2523,82.72
2524,90.56
2525,43.41
2526,74.04
2527,66.97
2528,99.56
2529,45.03
2530,77.99
2531,13.19
2532,10.29
2533,24.77
2534,54.95
2535,49.74
2536,47.64
2537,2.62
2538,35.81
2539,72.26
2540,67.12
2541,27.72
2542,38.82
2543,33.55
2544,75.76
2545,75.01
2546,23.67
2547,15.83
2548,67.56
2549,96.63
2550,21.3
2551,72.3
2552,58.76
2553,75.46
2554,8.84
2555,37.01
2556,48.22
2557,49.53
2558,65.78
2559,19.32
2560,63.89
2561,64.75
2562,81.62
2563,60.73
2564,22.38
2565,29.88
2566,84.49
2567,75.7
2568,93.25
2569,74.4
2570,87.96
2571,76.97
2572,45.64
2573,4.61
2574,12.12
2575,55.61
2576,90.64
2577,66.31
2578,26.34
2579,1.7
2580,78.26
2581,14.3
2582,52.19
2583,61.63
2584,20.77
2585,84.67
2586,16.37
2587,34.43
2588,14.6
2589,9.43
2590,84.77
2591,65.19
2592,8.95
2593,46.22
2594,21.68
2595,83.44
2596,32.79
2597,78.52
2598,77.62
2599,61.24
2600,59.04
2601,15.71
2602,83.92
2603,39.31
2604,83.53
2605,84.21
2606,12.21
2607,91.39
2608,67.0
2609,43.64
2610,47.2
2611,86.96
2612,33.82
2613,69.1
2614,33.83
2615,29.67
2616,100.0
2617,59.11
2618,98.44
2619,27.38
2620,61.76
2621,87.21
2622,87.57
2623,80.91
2624,94.36
2625,83.0
2626,16.37
2627,92.62
2628,82.01
2629,80.35
2630,94.61
2631,62.42
2632,19.06
2633,71.04
2634,8.33
2635,62.56
2636,68.79
2637,77.95
2638,33.36
2639,68.12
2640,22.2
2641,34.52
2642,49.86
2643,29.87
2644,83.72
2645,29.0
2646,71.71
2647,71.6
2648,66.55
2649,86.86
2650,16.86
2651,44.87
2652,54.7
2653,8.87
2654,36.59
2655,54.42
2656,36.55
2657,5.62
2658,31.53
2659,65.64
2660,49.69
2661,52.5
2662,16.12
2663,12.42
2664,56.64
2665,10.43
2666,31.24
2667,29.33
2668,39.19
2669,91.03
2670,31.26
2671,48.21
2672,97.15
2673,67.71
2674,10.33
2675,78.35
2676,41.63
2677,41.37
2678,79.1
2679,23.13
2680,41.54
2681,78.51
2682,11.38
2683,16.49
2684,40.15
2685,95.68
2686,0.64
2687,76.13
2688,60.4
2689,92.17
2690,84.18
2691,36.34
2692,90.59
2693,84.68
2694,83.89
2695,5.5
2696,50.3
2697,16.62
2698,16.56
2699,72.3
2700,76.47
2701,7.66
2702,17.91
2703,58.72
2704,62.34
2705,5.14
2706,15.38
2707,0.79
2708,36.17
2709,35.77
2710,54.75
2711,69.33
2712,6.34
2713,51.86
2714,87.75
2715,4.32
2716,59.15
2717,63.54
2718,85.6
2719,89.35
2720,71.69
2721,7.93
2722,9.97
2723,67.41
2724,70.37
2725,54.99
2726,80.27
2727,77.54
2728,1.99
2729,77.46
2730,62.68
2731,19.67
2732,92.31
2733,10.4
2734,4.62
2735,41.43
2736,86.95
2737,20.53
2738,6.16
2739,94.78
2740,58.85
2741,45.18
2742,77.13
2743,64.18
2744,99.66
2745,35.61
2746,2.94
2747,20.46
2748,60.41
2749,49.51
2750,42.75
2751,99.07
2752,42.24
2753,12.86
2754,38.0
2755,57.55
2756,63.47
2757,57.07
2758,76.72
2759,45.74
2760,69.85
2761,34.49
2762,20.55
2763,84.75
2764,56.47
2765,83.91
2766,87.84
2767,90.97
2768,76.88
2769,48.2
2770,92.93
2771,46.96
2772,80.43
2773,57.33
2774,4.71
2775,81.98
2776,0.93
2777,49.67
2778,19.3
2779,17.79
2780,58.89
2781,98.32
2782,54.26
2783,22.37
2784,82.13
2785,43.41
2786,77.16
2787,16.79
2788,28.16
2789,16.08
2790,30.64
2791,55.42
2792,36.7
2793,3.26
2794,54.12
2795,81.24
2796,27.71
2797,15.82
2798,22.23
2799,80.79
2800,43.32
2801,12.06
2802,72.89
2803,30.37
2804,48.38
2805,72.96
2806,37.66
2807,19.86
2808,91.85
2809,22.59
2810,6.36
2811,10.46
2812,52.08
2813,51.33
2814,53.2
2815,80.01
2816,79.6
2817,2.2
2818,9.77
2819,91.63
2820,31.97
2821,1.72
2822,93.59
2823,94.0
2824,15.01
2825,61.93
2826,68.77
2827,16.11
2828,93.67
2829,75.17
2830,16.24
2831,1.77
2832,72.83
2833,66.93
2834,46.55
2835,72.94
2836,35.34
2837,15.98
2838,24.05
2839,98.82
2840,90.95
2841,22.52
2842,37.13
2843,96.18
2844,36.51
2845,32.49
2846,0.24
2847,21.65
2848,87.16
2849,5.76
2850,84.42
2851,79.56
2852,6.21
2853,22.93
2854,34.8
2855,22.45
2856,49.95
2857,7.27
2858,89.55
2859,66.33
2860,99.32
2861,72.56
2862,13.31
2863,83.28
2864,61.25
2865,13.15
2866,12.79
2867,98.32
2868,13.7
2869,58.65
2870,26.27
2871,95.39
2872,73.25
2873,28.9
2874,59.23
2875,67.23
2876,13.71
2877,93.35
2878,90.53
2879,57.01
2880,33.56
2881,62.6
2882,33.41
2883,34.78
2884,60.3
2885,52.1
2886,5.93
2887,60.95
2888,60.94
2889,86.68
2890,58.93
2891,12.35
2892,53.75
2893,64.99
2894,38.96
2895,38.07
2896,28.5
2897,47.91
2898,78.82
2899,17.65
2900,6.71
2901,51.32
2902,5.79
2903,19.09
2904,10.52
2905,66.57
2906,54.35
2907,13.24
2908,2.14
2909,54.13
2910,65.58
2911,33.98
2912,11.87
2913,93.39
2914,77.44
2915,21.96
2916,20.82
2917,96.95
2918,74.73
2919,74.88
2920,30.92
2921,86.22
2922,51.45
2923,37.06
2924,72.29
2925,68.15
2926,45.46
2927,33.15
2928,35.3
2929,58.61
2930,54.39
2931,84.43
2932,32.46
2933,83.63
2934,81.44
2935,44.45
2936,52.19
2937,57.08
2938,44.17
2939,49.05
2940,64.33
2941,23.99
2942,65.2
2943,20.21
2944,78.26
2945,72.3
2946,83.09
2947,26.85
2948,28.18
2949,20.93
2950,51.38
2951,29.23
2952,41.14
2953,84.77
2954,89.73
2955,68.3
2956,92.71
2957,84.82
2958,67.59
2959,81.91
2960,60.17
2961,31.66
2962,97.01
2963,61.55
2964,42.29
2965,58.52
2966,44.78
2967,25.19
2968,31.33
2969,97.97
2970,21.86
2971,53.58
2972,72.25
2973,7.32
2974,49.91
2975,47.64
2976,99.59
2977,5.26
2978,9.13
2979,88.06
2980,29.28
2981,37.54
2982,23.3
2983,4.7
2984,2.48
2985,3.54
2986,61.03
2987,98.62
2988,74.6
2989,47.2
2990,64.53
2991,0.33
2992,20.42
2993,84.39
2994,16.67
2995,85.18
2996,10.38
2997,25.31
2998,74.07
2999,10.82
3000,92.68
3001,71.08
3002,83.63
3003,86.61
3004,24.98
3005,91.74
3006,84.92
3007,82.16
3008,91.94
3009,14.87
3010,39.3
3011,57.3
3012,94.18
3013,90.2
3014,98.6
3015,40.86
3016,51.02
3017,10.73
3018,74.38
3019,62.04
3020,7.83
3021,78.8
3022,99.65
3023,70.73
3024,4.26
3025,46.73
3026,72.9
3027,31.86
3028,34.74
3029,25.75
3030,94.85
3031,45.55
3032,52.28
3033,50.5
3034,97.76
3035,88.72
3036,63.04
3037,4.98
3038,95.24
3039,92.18
3040,3.72
3041,13.03
3042,39.63
3043,1.16
3044,24.92
3045,74.33
3046,91.07
3047,95.0
3048,92.22
3049,18.16
3050,3.06
3051,19.28
3052,38.1
3053,46.18
3054,30.61
3055,17.42
3056,42.71
3057,27.93
3058,77.73
3059,36.87
3060,0.51
3061,72.52
3062,34.42
3063,99.62
3064,98.8
3065,96.06
3066,86.09
3067,36.53
3068,12.48
3069,53.57
3070,78.12
3071,33.31
3072,63.09
3073,37.75
3074,56.61
3075,11.44
3076,48.16
3077,11.83
3078,58.64
3079,56.85
3080,79.52
3081,53.39
3082,43.83
3083,2.28
3084,34.05
3085,25.03
3086,64.96
3087,45.88
3088,53.61
3089,89.62
3090,71.23
3091,34.18
3092,43.44
3093,88.18
3094,98.07
3095,50.49
3096,47.18
3097,25.0
3098,6.44
3099,13.11
3100,93.26
3101,3.07
3102,79.93
3103,36.76
3104,15.0
3105,5.56
3106,41.8
3107,76.97
3108,43.93
3109,69.86
3110,76.2
3111,76.82
3112,95.06
3113,34.3
3114,60.46
3115,73.05
3116,3.12
3117,89.74
3118,59.81
3119,58.65
3120,43.28
3121,14.44
3122,66.58
3123,63.64
3124,17.48
3125,61.62
3126,37.62
3127,83.27
3128,7.88
3129,55.2
3130,88.88
3131,14.04
3132,12.07
3133,26.3
3134,63.41
3135,57.84
3136,6.44
3137,79.98
3138,14.93
3139,77.18
3140,28.44
3141,67.51
3142,16.9
3143,11.7
3144,42.85
3145,62.28
3146,39.96
3147,35.43
3148,38.18
3149,60.5
3150,33.94
3151,79.11
3152,93.45
3153,72.47
3154,9.57
3155,25.9
3156,86.78
3157,33.37
3158,57.29
3159,80.03
3160,95.67
3161,10.96
3162,40.09
3163,64.9
3164,74.48
3165,95.09
3166,97.64
3167,61.05
3168,0.09
3169,98.62
3170,41.62
3171,82.2
3172,67.63
3173,20.83
3174,26.26
3175,50.75
3176,5.8
3177,34.02
3178,8.01
3179,31.91
3180,16.87
3181,96.82
3182,84.71
3183,14.63
3184,97.92
3185,26.02
3186,63.23
3187,2.26
3188,10.88
3189,45.81
3190,66.75
3191,5.56
3192,92.4
3193,11.06
3194,72.52
3195,14.09
3196,31.87
3197,51.35
3198,85.75
3199,14.31
3200,90.25
3201,68.2
3202,18.53
3203,85.48
3204,28.9
3205,12.78
3206,85.94
3207,8.87
3208,71.26
3209,99.84
3210,80.13
3211,9.06
3212,56.33
3213,99.22
3214,45.45
3215,64.76
3216,29.03
3217,90.58
3218,87.62
3219,3.72
3220,46.05
3221,3.35
3222,5.6
3223,83.31
3224,92.08
3225,91.77
3226,40.97
3227,86.58
3228,62.78
3229,96.46
3230,45.66
3231,63.44
3232,43.44
3233,29.78
3234,34.15
3235,82.79
3236,48.42
3237,62.98
3238,26.94
3239,79.96
3240,51.99
3241,48.16
3242,69.11
3243,93.1
3244,81.2
3245,11.96
3246,8.57
3247,60.98
3248,42.24
3249,49.64
3250,78.49
3251,24.84
3252,75.21
3253,10.86
3254,12.89
3255,12.52
3256,17.29
3257,68.43
3258,6.86
3259,12.6
3260,27.8
3261,58.14
3262,17.09
3263,80.45
3264,54.97
3265,54.4
3266,82.1
3267,29.78
3268,37.64
3269,30.05
3270,54.0
3271,66.25
3272,89.95
3273,94.7
3274,80.43
3275,53.56
3276,94.19
3277,10.06
3278,99.41
3279,3.15
3280,92.01
3281,74.15
3282,62.39
3283,16.06
3284,40.41
3285,66.11
3286,12.27
3287,29.28
3288,68.03
3289,91.64
3290,45.73
3291,16.59
3292,59.29
3293,92.23
3294,89.2
3295,90.59
3296,3.44
3297,30.19
3298,53.66
3299,69.74
3300,82.2
3301,97.46
3302,89.05
3303,80.86
3304,66.36
3305,21.48
3306,22.58
3307,0.52
3308,36.72
3309,66.71
3310,52.69
3311,62.4
3312,95.75
3313,59.97
3314,22.42
3315,0.61
3316,32.09
3317,63.99
3318,84.95
3319,91.61
3320,80.46
3321,7.19
3322,42.63
3323,79.18
3324,31.9
3325,7.23
3326,72.06
3327,54.97
3328,11.27
3329,77.3
3330,64.45
3331,28.61
3332,72.43
3333,92.39
3334,80.93
3335,75.88
3336,55.76
3337,76.67
3338,55.97
3339,4.75
3340,45.42
3341,39.68
3342,15.49
3343,82.54
3344,97.22
3345,61.04
3346,7.94
3347,26.95
3348,12.61
3349,60.74
3350,26.23
3351,27.2
3352,98.39
3353,10.12
3354,49.93
3355,25.4
3356,96.82
3357,46.77
3358,79.61
3359,34.44
3360,18.63
3361,56.78
3362,7.44
3363,75.77
3364,26.21
3365,79.12
3366,38.2
3367,32.02
3368,52.59
3369,57.77
3370,73.94
3371,45.65
3372,60.66
3373,50.3
3374,14.4
3375,79.32
3376,19.16
3377,55.18
3378,13.27
3379,63.74
3380,87.43
3381,79.12
3382,76.79
3383,13.96
3384,81.75
3385,26.43
3386,33.67
3387,46.8
3388,29.18
3389,44.24
3390,30.08
3391,44.81
3392,69.34
3393,64.24
3394,46.94
3395,62.03
3396,32.63
3397,27.33
3398,27.46
3399,89.99
3400,66.44
3401,18.37
3402,41.23
3403,28.31
3404,24.25
3405,31.26
3406,22.09
3407,31.06
3408,44.88
3409,34.52
3410,0.69
3411,84.69
3412,70.27
3413,45.64
3414,4.44
3415,40.85
3416,53.66
3417,91.74
3418,59.73
3419,48.39
3420,26.39
3421,60.83
3422,32.05
3423,18.79
3424,63.95
3425,83.05
3426,25.02
3427,99.41
3428,20.38
3429,53.66
3430,38.07
3431,30.84
3432,35.57
3433,81.39
3434,0.29
3435,99.52
3436,92.47
3437,62.47
3438,46.35
3439,69.47
3440,23.47
3441,32.35
3442,77.3
3443,53.3
3444,17.1
3445,98.84
3446,20.17
3447,37.24
3448,4.61
3449,41.61
3450,18.07
3451,36.88
3452,60.46
3453,19.34
3454,51.41
3455,53.69
3456,58.6
3457,90.2
3458,99.98
3459,83.62
3460,15.49
3461,86.46
3462,52.96
3463,61.23
3464,47.1
3465,6.64
3466,97.62
3467,80.38
3468,33.42
3469,78.46
3470,1.11
3471,73.34
3472,29.19
3473,59.58
3474,39.64
3475,21.76
3476,6.16
3477,36.61
3478,38.98
3479,53.13
3480,66.33
3481,95.08
3482,15.55
3483,96.18
3484,55.98
3485,54.6
3486,51.4
3487,23.95
3488,36.31
3489,90.44
3490,5.67
3491,53.39
3492,74.86
3493,9.03
3494,48.51
3495,32.76
3496,80.08
3497,60.93
3498,55.4
3499,34.41
3500,78.54
3501,9.38
3502,62.19
3503,44.29
3504,42.88
3505,69.24
3506,24.17
3507,59.66
3508,37.66
3509,55.31
3510,7.94
3511,92.01
3512,6.83
3513,40.76
3514,37.14
3515,88.52
3516,11.91
3517,54.69
3518,58.58
3519,90.34
3520,10.38
3521,39.14
3522,84.98
3523,5.62
3524,86.33
3525,3.59
3526,14.23
3527,92.86
3528,52.78
3529,54.85
3530,36.79
3531,91.85
3532,37.68
3533,50.39
3534,95.17
3535,39.19
3536,36.06
3537,44.91
3538,35.65
3539,59.63
3540,34.39
3541,75.11
3542,59.0
3543,17.44
3544,53.27
3545,36.93
3546,27.89
3547,26.18
3548,59.37
3549,13.58
3550,48.42
3551,31.87
3552,92.68
3553,26.05
3554,47.46
3555,11.13
3556,12.71
3557,87.74
3558,84.28
3559,6.9
3560,35.04
3561,39.36
3562,16.95
3563,29.16
3564,74.23
3565,51.01
3566,0.17
3567,37.15
3568,59.21
3569,56.0
3570,1.18
3571,61.81
3572,74.4
3573,1.63
3574,5.49
3575,43.75
3576,70.17
3577,68.19
3578,65.0
3579,64.42
3580,32.05
3581,70.01
3582,11.04
3583,80.69
3584,75.18
3585,61.09
3586,74.58
3587,50.45
3588,25.96
3589,57.57
3590,15.85
3591,40.92
3592,0.17
3593,46.92
3594,9.13
3595,90.03
3596,88.97
3597,99.94
3598,57.37
3599,34.06
3600,34.46
3601,76.97
3602,51.57
3603,8.21
3604,58.38
3605,97.48
3606,34.1
3607,22.94
3608,7.75
3609,18.47
3610,44.04
3611,88.91
3612,71.68
3613,7.01
3614,68.21
3615,58.96
3616,0.83
3617,28.72
3618,18.25
3619,42.19
3620,0.94
3621,40.41
3622,39.97
3623,80.05
3624,50.01
3625,57.91
3626,20.8
3627,87.21
3628,30.58
3629,84.63
3630,6.29
3631,33.31
3632,77.31
3633,1.37
3634,9.71
3635,78.7
3636,82.95
3637,4.31
3638,11.38
3639,0.78
3640,98.17
3641,52.05
3642,44.34
3643,1.6
3644,43.4
3645,61.08
3646,42.37
3647,99.14
3648,61.27
3649,48.95
3650,67.62
3651,23.24
3652,19.22
3653,75.11
3654,10.16
3655,59.63
3656,87.88
3657,4.34
3658,52.54
3659,44.77
3660,71.9
3661,0.28
3662,9.08
3663,96.39
3664,74.99
3665,86.69
3666,95.71
3667,19.38
3668,43.21
3669,94.25
3670,30.16
3671,22.94
3672,49.48
3673,15.83
3674,91.58
3675,51.75
3676,89.0
3677,31.21
3678,85.08
3679,59.97
3680,35.79
3681,47.5
3682,47.79
3683,57.41
3684,99.86
3685,49.88
3686,19.1
3687,67.89
3688,0.78
3689,20.75
3690,10.16
3691,9.11
3692,57.92
3693,94.04
3694,2.02
3695,33.11
3696,49.5
3697,16.82
3698,78.05
3699,64.88
3700,73.39
3701,75.62
3702,77.51
3703,47.38
3704,3.28
3705,55.13
3706,88.92
3707,23.25
3708,63.94
3709,46.3
3710,79.97
3711,82.18
3712,65.55
3713,7.68
3714,27.79
3715,87.66
3716,93.45
3717,51.63
3718,29.14
3719,15.53
3720,40.93
3721,82.43
3722,75.95
3723,71.08
3724,91.34
3725,55.66
3726,11.77
3727,42.45
3728,6.32
3729,47.5
3730,86.08
3731,27.59
3732,28.77
3733,49.06
3734,6.03
3735,87.1
3736,62.04
3737,45.1
3738,25.26
3739,32.4
3740,36.27
3741,60.12
3742,35.49
3743,32.83
3744,44.6
3745,26.9
3746,89.81
3747,75.35
3748,85.95
3749,52.03
3750,68.3
3751,53.31
3752,39.49
3753,43.77
3754,39.5
3755,57.69
3756,90.57
3757,85.35
3758,74.19
3759,31.6
3760,22.91
3761,24.15
3762,39.36
3763,54.77
3764,88.22
3765,29.32
3766,66.91
3767,90.24
3768,8.46
3769,91.39
3770,92.19
3771,42.38
3772,17.3
3773,63.7
3774,37.15
3775,11.04
3776,9.68
3777,37.42
3778,48.06
3779,52.35
3780,86.52
3781,79.63
3782,87.62
3783,25.59
3784,68.93
3785,48.96
3786,27.76
3787,14.76
3788,3.99
3789,24.26
3790,42.93
3791,17.06
3792,36.88
3793,47.21
3794,38.05
3795,21.69
3796,46.4
3797,6.15
3798,95.17
3799,64.6
3800,25.03
3801,49.92
3802,42.86
3803,10.05
3804,10.17
3805,17.76
3806,71.84
3807,83.03
3808,34.88
3809,8.45
3810,87.59
3811,75.9
3812,96.51
3813,26.14
3814,32.24
3815,15.89
3816,65.41
3817,17.86
3818,59.47
3819,22.32
3820,84.65
3821,16.31
3822,86.44
3823,55.33
3824,78.39
3825,54.13
3826,23.36
3827,31.81
3828,69.01
3829,2.85
3830,36.69
3831,15.01
3832,54.72
3833,15.79
3834,94.27
3835,55.09
3836,73.34
3837,19.3
3838,20.8
3839,98.22
3840,26.88
3841,4.68
3842,73.47
3843,33.11
3844,20.08
3845,91.41
3846,33.34
3847,70.31
3848,56.93
3849,8.66
3850,91.26
3851,81.97
3852,67.81
3853,91.19
3854,79.91
3855,67.13
3856,21.66
3857,80.67
3858,40.19
3859,31.78
3860,66.31
3861,2.12
3862,45.51
3863,19.79
3864,52.77
3865,80.63
3866,1.2
3867,19.69
3868,61.53
3869,52.12
3870,90.01
3871,8.03
3872,40.33
3873,92.4
3874,38.99
3875,52.62
3876,9.63
3877,71.27
3878,28.72
3879,56.62
3880,37.87
3881,99.02
3882,37.13
3883,55.83
3884,80.0
3885,13.41
3886,0.48
3887,64.68
3888,87.19
3889,81.14
3890,69.0
3891,19.76
3892,67.99
3893,26.23
3894,35.1
3895,18.57
3896,43.79
3897,37.84
3898,15.8
3899,91.09
3900,23.28
3901,29.11
3902,39.67
3903,39.45
3904,70.66
3905,61.23
3906,57.25
3907,83.9
3908,87.79
3909,90.31
3910,31.94
3911,12.11
3912,38.35
3913,83.14
3914,81.63
3915,50.92
3916,81.04
3917,38.13
3918,60.67
3919,74.48
3920,66.76
3921,79.53
3922,99.83
3923,98.77
3924,25.95
3925,72.47
3926,7.74
3927,47.76
3928,41.26
3929,9.9
3930,37.82
3931,30.9
3932,49.34
3933,3.74
3934,29.41
3935,22.23
3936,65.41
3937,23.85
3938,71.24
3939,48.64
3940,37.83
3941,78.82
3942,85.02
3943,24.8
3944,11.94
3945,42.93
3946,12.38
3947,58.76
3948,63.11
3949,8.15
3950,85.3
3951,72.5
3952,70.24
3953,39.7
3954,22.35
3955,55.31
3956,48.91
3957,74.16
3958,39.26
3959,19.37
3960,67.43
3961,30.99
3962,30.72
3963,65.25
3964,95.58
3965,63.38
3966,53.64
3967,86.56
3968,30.41
3969,44.97
3970,93.58
3971,7.38
3972,1.26
3973,55.75
3974,76.47
3975,94.78
3976,46.93
3977,85.89
3978,9.85
3979,58.57
3980,91.43
3981,77.05
3982,95.72
3983,83.41
3984,26.68
3985,52.88
3986,63.96
3987,55.45
3988,85.81
3989,19.02
3990,23.29
3991,9.18
3992,17.71
3993,8.12
3994,68.96
3995,55.21
3996,49.7
3997,42.68
3998,8.61
3999,97.41
4000,20.04
4001,59.17
4002,66.9
4003,54.0
4004,20.29
4005,3.05
4006,16.66
4007,12.49
4008,13.77
4009,43.17
4010,69.22
4011,98.21
4012,69.04
4013,25.0
4014,36.38
4015,48.72
4016,79.07
4017,35.09
4018,20.15
4019,76.66
4020,38.49
4021,84.85
4022,68.28
4023,41.65
4024,42.0
4025,68.24
4026,99.11
4027,84.86
4028,39.64
4029,45.01
4030,11.23
4031,10.54
4032,38.88
4033,42.67
4034,43.32
4035,42.65
4036,65.84
4037,30.82
4038,88.94
4039,76.32
4040,83.86
4041,18.48
4042,13.98
4043,65.31
4044,19.24
4045,33.91
4046,15.43
4047,92.89
4048,7.85
4049,68.75
4050,99.08
4051,48.17
4052,13.21
4053,56.55
4054,59.11
4055,92.57
4056,54.77
4057,46.03
4058,65.05
4059,25.23
4060,55.6
4061,25.64
4062,76.88
4063,64.69
4064,61.62
4065,84.86
4066,6.09
4067,94.89
4068,40.43
4069,1.54
4070,69.65
4071,99.09
4072,10.5
4073,47.18
4074,54.92
4075,81.5
4076,0.9
4077,33.89
4078,73.68
4079,4.65
4080,29.59
4081,22.84
4082,36.63
4083,55.66
4084,35.3
4085,80.64
4086,84.95
4087,8.88
4088,49.61
4089,86.3
4090,25.45
4091,10.46
4092,87.47
4093,0.2
4094,91.64
4095,62.79
4096,3.14
4097,10.19
4098,55.45
4099,39.41
4100,0.5
4101,25.09
4102,34.97
4103,18.12
4104,68.51
4105,98.27
4106,53.11
4107,79.55
4108,80.31
4109,82.55
4110,1.49
4111,21.13
4112,54.6
4113,28.84
4114,45.69
4115,99.42
4116,58.18
4117,97.41
4118,21.99
4119,68.78
4120,66.62
4121,93.48
4122,11.9
4123,69.01
4124,76.71
4125,31.13
4126,75.06
4127,80.34
4128,21.05
4129,99.38
4130,94.02
4131,46.28
4132,5.07
4133,0.33
4134,61.22
4135,1.18
4136,70.4
4137,56.93
4138,1.93
4139,49.32
4140,26.38
4141,35.98
4142,16.11
4143,87.28
4144,66.44
4145,87.33
4146,58.58
4147,29.54
4148,27.1
4149,45.34
4150,1.41
4151,19.55
4152,98.38
4153,6.52
4154,93.14
4155,23.46
4156,26.57
4157,85.73
4158,54.27
4159,73.96
4160,25.59
4161,76.33
4162,74.15
4163,4.42
4164,79.88
4165,60.19
4166,25.77
4167,45.43
4168,2.75
4169,15.05
4170,46.43
4171,30.63
4172,52.24
4173,54.41
4174,35.31
4175,41.11
4176,5.23
4177,74.36
4178,46.07
4179,69.65
4180,26.75
4181,88.04
4182,9.33
4183,1.34
4184,4.45
4185,30.88
4186,13.24
4187,55.3
4188,43.85
4189,59.61
4190,70.83
4191,19.81
4192,7.89
4193,45.1
4194,42.03
4195,23.19
4196,60.99
4197,59.71
4198,42.52
4199,72.36
4200,65.12
4201,30.38
4202,12.86
4203,21.27
4204,14.72
4205,27.03
4206,76.6
4207,3.42
4208,99.11
4209,82.34
4210,95.84
4211,67.39
4212,20.69
4213,41.06
4214,98.99
4215,83.33
4216,5.99
4217,8.16
4218,77.09
4219,17.3
4220,91.27
4221,33.46
4222,66.18
4223,50.64
4224,65.51
4225,25.19
4226,29.0
4227,73.79
4228,55.84
4229,80.08
4230,17.77
4231,25.71
4232,68.94
4233,70.35
4234,33.75
4235,87.64
4236,90.58
4237,30.74
4238,55.99
4239,37.37
4240,75.18
4241,25.51
4242,52.32
4243,45.54
4244,0.15
4245,19.21
4246,18.02
4247,50.28
4248,16.88
4249,37.18
4250,42.98
4251,47.06
4252,87.49
4253,33.11
4254,32.47
4255,3.25
4256,12.71
4257,51.98
4258,8.16
4259,2.67
4260,2.4
4261,26.26
4262,90.48
4263,59.93
4264,99.81
4265,80.51
4266,5.6
4267,93.83
4268,23.96
4269,46.57
4270,14.85
4271,55.04
4272,83.56
4273,7.69
4274,87.23
4275,24.53
4276,78.03
4277,33.08
4278,79.57
4279,41.08
4280,87.31
4281,1.28
4282,88.44
4283,32.01
4284,45.65
4285,87.1
4286,16.56
4287,74.48
4288,29.44
4289,41.33
4290,62.25
4291,88.87
4292,56.43
4293,51.03
4294,44.61
4295,98.45
4296,50.66
4297,42.05
4298,93.03
4299,75.89
4300,81.98
4301,58.79
4302,36.35
4303,86.63
4304,69.55
4305,63.27
4306,11.68
4307,26.11
4308,43.38
4309,3.81
4310,44.38
4311,40.11
4312,26.83
4313,56.02
4314,11.7
4315,43.25
4316,53.97
4317,65.16
4318,77.71
4319,20.69
4320,9.43
4321,67.31
4322,9.18
4323,78.28
4324,1.82
4325,74.0
4326,48.81
4327,57.55
4328,70.46
4329,23.98
4330,77.03
4331,98.21
4332,72.2
4333,84.59
4334,15.31
4335,44.12
4336,41.95
4337,73.3
4338,40.82
4339,53.38
4340,30.87
4341,45.67
4342,40.95
4343,70.35
4344,30.44
4345,89.26
4346,22.08
4347,36.1
4348,93.0
4349,75.35
4350,49.38
4351,53.37
4352,80.07
4353,23.41
4354,47.42
4355,79.94
4356,67.66
4357,25.47
4358,26.12
4359,71.83
4360,23.78
4361,83.56
4362,55.01
4363,77.62
4364,7.41
4365,80.64
4366,45.57
4367,76.68
4368,89.64
4369,49.06
4370,33.32
4371,28.31
4372,67.18
4373,42.18
4374,79.95
4375,42.83
4376,28.06
4377,43.64
4378,95.52
4379,22.49
4380,4.73
4381,48.08
4382,81.58
4383,17.44
4384,77.43
4385,47.56
4386,89.02
4387,18.77
4388,14.59
4389,14.69
4390,11.78
4391,88.26
4392,49.41
4393,34.66
4394,88.95
4395,56.12
4396,95.46
4397,75.89
4398,86.44
4399,62.33
4400,36.1
4401,92.85
4402,91.96
4403,19.26
4404,83.09
4405,92.96
4406,1.57
4407,31.4
4408,60.68
4409,4.83
4410,18.61
4411,94.19
4412,11.37
4413,44.28
4414,57.48
4415,52.93
4416,40.65
4417,93.65
4418,65.77
4419,5.77
4420,9.46
4421,19.45
4422,77.94
4423,65.36
4424,15.32
4425,10.11
4426,79.94
4427,25.23
4428,88.52
4429,32.44
4430,19.51
4431,66.23
4432,2.52
4433,80.8
4434,90.31
4435,23.0
4436,12.94
4437,19.78
4438,45.51
4439,65.81
4440,95.4
4441,40.24
4442,62.87
4443,13.53
4444,69.12
4445,61.0
4446,34.29
4447,53.72
4448,90.5
4449,63.93
4450,81.3
4451,94.83
4452,76.93
4453,7.51
4454,67.78
4455,63.87
4456,76.38
4457,80.68
4458,86.17
4459,8.53
4460,28.71
4461,74.03
4462,1.76
4463,75.53
4464,32.64
4465,20.31
4466,62.28
4467,20.17
4468,14.16
4469,18.42
4470,36.99
4471,92.89
4472,63.75
4473,38.3
4474,23.97
4475,89.54
4476,47.25
4477,25.86
4478,98.21
4479,48.11
4480,20.63
4481,89.68
4482,98.67
4483,12.99
4484,51.9
4485,39.73
4486,21.07
4487,24.03
4488,9.58
4489,28.3
4490,79.06
4491,55.21
4492,12.5
4493,28.74
4494,10.16
4495,94.04
4496,72.14
4497,49.78
4498,84.03
4499,91.47
4500,63.75
4501,3.26
4502,4.24
4503,36.88
4504,25.3
4505,14.61
4506,37.86
4507,63.39
4508,16.4
4509,76.7
4510,42.03
4511,95.99
4512,53.32
4513,83.57
4514,42.26
4515,13.28
4516,97.54
4517,16.58
4518,1.43
4519,74.23
4520,42.84
4521,77.98
4522,11.56
4523,22.21
4524,25.86
4525,69.13
4526,38.47
4527,39.51
4528,75.73
4529,83.83
4530,35.04
4531,18.11
4532,45.88
4533,98.28
4534,44.65
4535,41.66
4536,47.05
4537,44.46
4538,44.9
4539,76.87
4540,11.39
4541,75.68
4542,41.84
4543,99.91
4544,8.7
4545,64.73
4546,5.19
4547,36.66
4548,90.01
4549,58.06
4550,35.53
4551,39.74
4552,76.95
4553,92.78
4554,13.59
4555,58.75
4556,76.61
4557,46.73
4558,10.73
4559,95.58
4560,80.3
4561,25.63
4562,5.62
4563,74.29
4564,21.49
4565,98.0
4566,0.4
4567,28.65
4568,41.32
4569,85.3
4570,29.21
4571,97.31
4572,10.33
4573,1.52
4574,5.25
4575,10.53
4576,26.8
4577,82.82
4578,24.17
4579,90.01
4580,64.07
4581,66.41
4582,80.98
4583,77.3
4584,58.33
4585,92.06
4586,28.67
4587,33.98
4588,94.42
4589,17.01
4590,43.58
4591,25.58
4592,53.3
4593,86.31
4594,23.72
4595,59.0
4596,9.99
4597,52.8
4598,14.09
4599,3.92
4600,67.84
4601,42.24
4602,55.98
4603,92.4
4604,68.86
4605,48.84
4606,60.24
4607,21.29
4608,40.39
4609,91.48
4610,29.9
4611,9.5
4612,37.64
4613,50.08
4614,35.04
4615,32.36
4616,37.68
4617,57.27
4618,47.37
4619,79.33
4620,3.67
4621,97.07
4622,6.82
4623,18.88
4624,86.78
4625,38.08
4626,68.81
4627,31.91
4628,91.62
4629,43.33
4630,76.03
4631,57.42
4632,86.61
4633,25.65
4634,93.85
4635,57.03
4636,29.69
4637,83.6
4638,59.86
4639,14.15
4640,1.75
4641,41.54
4642,53.53
4643,4.67
4644,91.46
4645,93.08
4646,56.22
4647,22.84
4648,51.57
4649,44.78
4650,67.58
4651,52.3
4652,97.12
4653,41.76
4654,90.18
4655,43.59
4656,37.89
4657,56.71
4658,49.45
4659,19.66
4660,67.96
4661,9.61
4662,76.91
4663,65.93
4664,46.62
4665,57.31
4666,37.73
4667,82.87
4668,8.51
4669,81.4
4670,10.02
4671,94.1
4672,17.57
4673,2.13
4674,98.8
4675,73.94
4676,40.35
4677,65.85
4678,99.19
4679,26.36
4680,97.85
4681,50.74
4682,52.08
4683,4.8
4684,28.45
4685,82.84
4686,55.12
4687,25.36
4688,45.48
4689,72.02
4690,60.05
4691,19.06
4692,71.29
4693,44.4
4694,21.54
4695,53.05
4696,70.37
4697,43.81
4698,33.33
4699,63.2
4700,52.88
4701,95.3
4702,42.61
4703,97.99
4704,8.27
4705,10.44
4706,37.95
4707,74.18
4708,97.89
4709,16.53
4710,45.36
4711,39.0
4712,71.62
4713,31.38
4714,10.1
4715,39.39
4716,7.85
4717,89.1
4718,21.07
4719,72.35
4720,48.07
4721,17.84
4722,19.83
4723,17.79
4724,48.51
4725,6.51
4726,77.62
4727,34.42
4728,46.05
4729,21.2
4730,33.25
4731,74.15
4732,51.84
4733,1.92
4734,42.13
4735,67.56
4736,78.96
4737,48.23
4738,67.98
4739,16.04
4740,50.23
4741,61.47
4742,80.09
4743,35.68
4744,96.07
4745,74.32
4746,60.39
4747,39.5
4748,80.33
4749,89.5
4750,17.02
4751,17.66
4752,60.21
4753,4.54
4754,57.98
4755,91.49
4756,13.76
4757,24.6
4758,47.45
4759,63.29
4760,13.42
4761,20.36
4762,13.9
4763,77.16
4764,67.0
4765,28.61
4766,27.29
4767,51.45
4768,41.4
4769,81.17
4770,74.52
4771,16.77
4772,29.88
4773,50.89
4774,16.51
4775,27.13
4776,66.14
4777,89.83
4778,50.67
4779,10.42
4780,84.84
4781,4.4
4782,59.81
4783,69.88
4784,49.84
4785,87.25
4786,21.55
4787,50.17
4788,76.99
4789,78.49
4790,45.73
4791,34.31
4792,1.95
4793,13.41
4794,80.99
4795,16.3
4796,18.4
