1,84.65
2,96.08
3,26.51
4,50.96
5,96.45
6,2.42
7,11.96
8,6.21
9,73.01
10,89.33
1,23.32
2,78.39
3,93.06
4,86.19
5,73.33
6,79.28
7,5.34
8,26.65
9,82.45
10,45.27
11,34.62
12,97.53
13,51.41
14,50.26
15,71.36
16,68.34
17,36.4
18,83.6
19,5.06
20,16.96
21,7.74
22,70.34
23,38.9
24,40.92
25,46.32
26,87.12
27,8.98
28,16.9
29,96.66
30,69.74
31,86.22
32,91.26
33,57.28
34,34.36
35,49.82
36,22.73
37,85.73
38,45.77
39,38.67
40,20.31
41,96.52
42,52.12
43,85.72
44,36.66
45,9.95
46,56.23
47,57.8
48,52.5
49,63.28
50,31.95
51,63.58
52,73.64
53,3.13
54,32.76
55,65.72
56,8.22
57,55.09
58,0.68
59,27.47
60,30.12
61,92.26
62,67.81
63,11.66
64,40.4
65,50.7
66,25.13
67,60.46
68,21.21
69,85.55
70,16.98
71,40.7
72,57.5
73,77.25
74,66.99
75,55.34
76,3.89
77,73.67
78,68.63
79,26.06
80,85.12
81,81.65
82,99.81
83,15.12
84,70.99
85,46.57
86,66.3
87,62.91
88,14.47
89,94.86
90,55.37
91,39.72
92,53.92
93,70.33
94,17.07
95,31.27
96,16.37
97,82.37
98,60.54
99,96.75
100,19.5
101,30.47
102,72.1
103,7.09
104,58.13
105,90.22
106,68.17
107,41.55
108,67.96
109,57.58
110,83.85
111,26.07
112,85.72
113,26.56
114,89.37
115,75.22
116,1.09
117,62.82
118,62.28
119,36.68
120,95.12
121,3.37
122,65.39
123,73.17
124,31.18
125,79.3
126,43.12
127,52.3
128,79.34
129,95.7
130,31.66
131,30.46
132,10.8
133,51.09
134,12.68
135,90.01
136,69.56
137,1.27
138,18.11
139,29.05
140,43.89
141,14.09
142,5.83
143,7.36
144,0.66
145,71.56
146,10.23
147,19.74
148,1.61
149,63.6
150,61.94
151,80.1
152,52.06
153,25.38
154,61.42
155,56.31
156,17.08
157,75.45
158,25.09
159,50.27
160,74.51
161,34.11
162,47.52
163,51.6
164,46.48
165,18.98
166,14.09
167,14.57
168,11.69
169,87.84
170,21.69
171,50.64
172,21.98
173,26.15
174,69.12
175,83.45
176,89.04
177,27.29
178,18.96
179,76.04
180,54.48
181,99.53
182,5.09
183,60.0
184,98.54
185,39.28
186,38.16
187,44.84
188,46.65
189,90.71
190,84.53
191,88.82
192,75.43
193,75.45
194,34.57
195,58.18
196,69.28
197,41.09
198,39.51
199,48.65
200,45.57
201,66.69
202,72.09
203,39.29
204,29.26
205,7.17
206,3.06
207,44.42
208,80.1
209,91.93
210,55.4
211,92.46
212,10.1
213,38.06
214,5.05
215,63.75
216,98.52
217,17.12
218,83.07
219,4.07
220,60.63
221,16.06
222,19.26
223,32.35
224,40.2
225,51.39
226,97.3
227,59.55
228,83.31
229,87.66
230,74.2
231,23.06
232,21.38
233,51.36
234,28.84
235,4.1
236,3.21
237,46.76
238,60.69
239,2.48
240,22.56
241,3.99
242,61.74
243,99.58
244,1.78
245,78.62
246,63.67
247,99.42
248,1.41
249,42.66
250,19.48
251,35.93
252,22.56
253,75.85
254,72.04
255,86.23
256,22.55
257,81.51
258,56.29
259,44.88
260,6.97
261,77.22
262,90.7
263,48.6
264,6.95
265,7.65
266,22.85
267,61.5
268,93.73
269,14.9
270,28.24
271,44.57
272,22.95
273,28.36
274,18.39
275,14.82
276,29.45
277,59.09
278,52.38
279,7.91
280,61.5
281,50.15
282,68.22
283,88.99
284,85.45
285,30.22
286,27.92
287,40.48
288,2.48
289,92.72
290,3.02
291,40.14
292,62.39
293,16.9
294,45.36
295,59.56
296,68.54
297,51.27
298,48.97
299,23.44
300,94.32
301,18.77
302,43.39
303,89.66
304,70.06
305,84.04
306,26.59
307,63.05
308,12.32
309,87.32
310,89.39
311,54.54
312,4.81
313,23.16
314,50.88
315,20.62
316,11.84
317,60.32
318,21.21
319,64.18
320,48.75
321,25.31
322,28.17
323,49.51
324,80.57
325,32.98
326,31.74
327,56.37
328,89.6
329,5.21
330,9.08
331,4.62
332,81.88
333,14.41
334,99.71
335,72.2
336,57.39
337,10.63
338,76.36
339,68.27
340,73.09
341,82.97
342,67.0
343,31.39
344,66.03
345,66.55
346,21.41
347,71.12
348,1.71
349,9.12
350,9.61
351,86.76
352,83.03
353,96.28
354,8.64
355,24.08
356,69.42
357,78.95
358,78.28
359,84.88
360,69.04
361,63.96
362,54.29
363,80.6
364,33.6
365,86.38
366,41.14
367,38.82
368,8.69
369,9.53
370,94.79
371,47.6
372,68.42
373,27.59
374,98.48
375,51.83
376,56.39
377,8.35
378,96.37
379,41.46
380,97.15
381,92.53
382,76.0
383,85.85
384,36.24
385,84.36
386,30.39
387,90.04
388,71.62
389,94.36
390,55.69
391,71.71
392,46.44
393,37.26
394,52.1
395,38.27
396,84.93
397,2.39
398,45.63
399,94.69
400,16.83
401,11.18
402,7.55
403,85.67
404,97.96
405,52.36
406,41.37
407,33.75
408,94.45
409,85.0
410,18.6
411,93.67
412,0.52
413,73.23
414,47.56
415,21.5
416,28.6
417,78.13
418,35.44
419,64.78
420,95.93
421,27.92
422,32.21
423,19.03
424,78.17
425,11.08
426,66.51
427,38.37
428,96.27
429,19.2
430,4.74
431,56.93
432,44.55
433,35.17
434,30.26
435,61.36
436,31.75
437,38.21
438,86.26
439,90.2
440,58.73
441,84.42
442,6.53
443,60.68
444,64.6
445,70.61
446,88.9
447,51.68
448,43.43
449,95.34
450,2.25
451,28.2
452,59.0
453,80.84
454,45.99
455,62.68
456,29.45
457,26.38
458,50.41
459,91.65
460,80.76
461,34.8
462,47.77
463,8.1
464,7.21
465,81.81
466,1.93
467,93.65
468,53.92
469,92.33
470,44.49
471,49.92
472,56.68
473,0.88
474,40.86
475,71.51
476,2.45
477,50.01
478,57.21
479,93.95
480,83.27
481,42.62
482,62.99
483,96.68
484,58.46
485,79.41
486,32.23
487,11.27
488,41.73
489,12.76
490,95.58
491,18.46
492,83.31
493,84.41
494,25.18
1,82.35
2,89.73
3,66.24
4,3.9
5,49.08
6,46.29
7,14.72
8,19.91
9,38.4
10,14.61
11,65.47
12,39.44
13,44.93
14,33.37
15,41.62
16,81.42
17,30.21
18,46.14
19,75.37
20,5.15
21,6.58
22,28.34
23,36.7
24,78.0
25,6.16
26,61.83
27,3.11
28,40.32
29,73.77
30,98.96
31,10.77
32,75.44
33,87.29
34,42.06
35,42.88
36,40.75
37,69.33
38,50.05
39,83.91
40,50.2
41,85.33
42,54.33
43,60.19
44,48.98
45,56.7
46,48.49
47,39.57
48,13.76
49,58.24
50,25.55
51,62.83
52,61.92
53,30.92
54,28.92
55,60.54
56,48.77
57,80.5
58,43.03
59,95.07
60,71.39
61,19.67
62,53.95
63,73.91
64,55.25
65,23.8
66,29.48
67,80.63
68,80.77
69,59.41
70,33.32
71,97.02
72,70.14
73,1.59
74,77.84
75,37.73
76,7.86
77,11.06
78,37.52
79,68.79
80,23.0
81,48.09
82,19.46
83,80.19
84,66.62
85,11.93
86,79.86
87,86.69
88,83.21
89,27.23
90,0.42
91,20.66
92,73.25
93,52.06
94,23.44
95,15.87
96,13.95
97,76.3
98,5.37
99,41.43
100,5.79
101,93.26
102,61.74
103,90.55
104,0.52
105,89.77
106,78.23
107,57.24
108,30.98
109,11.38
110,18.21
111,95.79
112,89.54
113,59.89
114,66.48
115,85.0
116,56.99
117,16.44
118,57.61
119,82.03
120,63.7
121,90.94
122,8.73
123,20.17
124,49.89
125,6.16
126,54.07
127,36.16
128,45.78
129,27.39
130,18.69
131,61.32
132,96.19
133,87.07
134,86.92
135,94.99
136,89.63
137,38.91
138,29.24
139,86.86
140,38.27
141,94.17
142,68.69
143,63.68
144,94.58
145,89.91
146,71.98
147,59.73
148,91.25
149,64.65
150,26.91
151,50.04
152,58.82
153,54.54
154,44.4
155,21.34
156,22.29
157,28.16
158,40.94
159,91.17
160,39.23
161,55.05
162,23.12
163,22.05
164,64.67
165,85.05
166,30.39
167,99.23
168,3.4
169,9.69
170,47.31
171,40.76
172,28.51
173,30.39
174,96.36
175,83.94
176,60.83
177,99.63
178,17.98
179,32.58
180,4.65
181,35.91
182,56.14
183,71.9
184,30.82
185,80.3
186,38.21
187,66.29
188,90.08
189,45.01
190,0.08
191,57.55
192,76.12
193,72.36
194,51.01
195,36.47
196,83.21
197,2.55
198,20.18
199,26.44
200,11.13
201,96.99
202,22.61
203,64.63
204,17.81
205,17.42
206,37.64
207,29.23
208,20.55
209,44.65
210,40.3
211,23.1
212,68.87
213,70.85
214,55.86
215,86.49
216,8.77
217,79.65
218,81.91
219,8.3
220,60.71
221,34.84
222,8.78
223,47.16
224,12.33
225,42.24
226,27.89
227,35.26
228,70.87
229,39.28
230,52.42
231,35.4
232,0.8
233,62.38
234,44.49
235,9.66
236,40.9
237,29.68
238,41.47
239,75.44
240,24.12
241,55.74
242,48.43
243,89.03
244,53.36
245,15.1
246,3.08
247,99.45
248,75.86
249,83.84
250,37.62
251,6.35
252,6.55
253,58.42
254,85.48
255,35.67
256,1.63
257,89.93
258,22.99
259,13.52
260,46.55
261,81.86
262,25.8
263,9.78
264,44.93
265,61.91
266,76.78
267,68.04
268,72.6
269,4.6
270,86.95
271,2.44
272,52.06
273,1.97
274,15.89
275,93.74
276,23.44
277,88.16
278,36.89
279,48.42
280,96.45
281,73.97
282,11.07
283,15.48
284,98.95
285,68.86
286,38.52
287,80.43
288,37.3
289,16.82
290,44.71
291,64.78
292,97.42
293,38.76
294,92.59
295,84.43
296,57.15
297,28.99
298,68.28
299,66.99
300,68.52
301,15.32
302,45.34
303,24.55
304,60.83
305,47.57
306,46.42
307,15.7
308,52.71
309,20.1
310,29.29
311,53.62
312,83.81
313,52.79
314,59.42
315,53.8
316,92.53
317,39.61
318,73.14
319,27.8
320,83.67
321,10.75
322,20.45
323,18.24
324,92.77
325,28.49
326,34.61
327,28.03
328,18.32
329,42.9
330,35.85
331,4.18
332,70.33
333,37.2
334,28.52
335,7.95
336,11.13
337,85.63
338,79.51
339,48.46
340,82.59
341,89.0
342,16.76
343,26.74
344,15.96
345,9.0
346,68.2
347,64.81
348,87.5
349,81.87
350,89.75
351,77.37
352,30.57
353,23.1
354,18.41
355,19.48
356,35.49
357,97.77
358,85.7
359,63.41
360,58.88
361,97.25
362,67.38
363,71.53
364,55.06
365,94.95
366,77.15
367,5.03
368,77.59
369,20.85
370,64.85
371,58.14
372,68.03
373,18.36
374,33.31
375,95.84
376,29.04
377,0.68
378,68.5
379,96.61
380,28.65
381,91.82
382,66.2
383,14.67
384,56.44
385,71.17
386,72.28
387,80.54
388,33.89
389,16.03
390,86.92
391,52.75
392,29.46
393,28.88
394,23.71
395,13.83
396,51.95
397,80.97
398,54.15
399,42.32
400,26.25
401,41.72
402,3.32
403,5.52
404,82.29
405,86.19
406,82.31
407,58.93
408,7.15
409,56.47
410,82.64
411,22.7
412,3.55
413,20.33
414,15.84
415,21.73
416,87.71
417,36.83
418,70.38
419,41.99
420,36.29
421,83.8
422,33.51
423,96.96
424,54.68
425,38.24
426,76.54
427,92.44
428,99.82
429,45.58
430,6.5
431,2.06
432,12.19
433,23.56
434,21.41
435,40.55
436,96.29
437,93.63
438,77.53
439,56.09
440,18.08
441,26.61
442,56.93
443,48.91
444,49.05
445,66.53
446,22.71
447,2.91
448,43.11
449,72.51
450,0.06
451,11.75
452,7.12
453,93.36
454,19.38
455,89.86
456,55.54
457,6.44
458,93.56
459,30.4
460,23.05
461,98.1
462,35.28
463,54.47
464,83.51
465,57.06
466,14.97
467,5.74
468,11.17
469,13.46
470,69.65
471,61.3
472,6.9
473,80.09
474,25.19
475,34.01
476,15.9
477,3.41
478,74.92
479,97.85
480,92.32
481,20.48
482,4.9
483,80.98
484,31.4
485,22.88
486,44.19
487,38.8
488,26.32
489,51.15
490,75.7
491,43.52
492,97.33
493,38.7
494,4.28
495,34.47
496,73.56
497,63.19
498,37.9
499,16.72
500,34.47
501,20.43
502,72.31
503,99.03
504,36.0
505,37.16
506,49.08
507,58.59
508,5.06
509,70.62
510,39.33
511,18.11
512,97.91
513,84.99
514,89.2
515,66.49
516,77.33
517,25.06
518,0.72
519,26.01
520,70.77
521,16.92
522,0.09
523,26.19
524,66.44
525,33.35
526,25.7
527,67.19
528,61.82
529,72.88
530,26.01
531,3.42
532,87.59
533,70.84
534,85.58
535,45.06
536,23.23
537,91.91
538,76.7
539,42.85
540,76.86
541,4.5
542,67.58
543,9.0
544,43.44
545,31.9
546,63.31
547,0.81
548,14.95
549,30.59
550,72.03
551,62.51
552,24.97
553,88.83
554,37.16
555,9.29
556,35.22
557,78.11
558,27.56
559,25.39
560,30.33
561,83.65
562,65.04
563,32.22
564,71.89
565,3.37
566,10.16
567,20.57
568,45.52
569,31.76
570,60.56
571,49.65
572,35.66
573,64.34
574,62.73
575,59.49
576,92.96
577,65.14
578,91.0
579,38.52
580,18.01
581,96.2
582,13.82
583,84.79
584,99.28
585,41.9
586,84.57
587,38.7
588,23.04
589,34.53
590,82.3
591,60.86
592,55.18
593,38.85
594,63.37
595,84.96
596,15.13
597,44.52
598,19.48
599,56.53
600,57.72
601,49.02
602,43.51
603,13.09
604,17.0
605,76.42
606,39.23
607,17.15
608,30.54
609,73.66
610,92.06
611,17.24
612,4.5
613,26.55
614,64.41
615,33.33
616,63.68
617,92.6
618,75.46
619,98.19
620,76.5
621,85.68
622,52.59
623,27.42
624,31.37
625,69.43
626,53.66
627,17.6
628,23.64
629,45.54
630,63.7
631,48.65
632,81.99
633,29.08
634,86.2
635,79.17
636,52.51
637,26.14
638,18.24
639,61.55
640,21.75
641,78.69
642,68.49
643,94.25
644,2.29
645,86.42
646,77.07
647,7.76
648,15.99
649,84.65
650,64.6
651,77.23
652,43.79
653,19.35
654,35.26
655,38.3
656,47.92
657,53.05
658,55.67
659,63.99
660,89.63
661,19.96
662,72.59
663,74.9
664,84.46
665,1.12
666,24.34
667,91.87
668,38.42
669,75.78
670,27.98
671,49.23
672,44.48
673,62.8
674,53.68
675,91.24
676,56.47
677,66.33
678,66.11
679,78.0
680,66.18
681,96.67
682,26.21
683,60.88
684,98.96
685,66.53
686,7.0
687,33.42
688,80.98
689,99.87
690,56.31
691,80.14
692,5.42
693,18.69
694,61.52
695,41.49
696,85.41
697,66.56
698,31.49
699,6.23
700,42.96
701,44.83
702,3.97
703,74.24
704,12.84
705,16.25
706,91.91
707,56.57
708,95.3
709,32.98
710,89.02
711,96.86
712,3.87
713,81.11
714,67.31
715,78.88
716,54.77
717,56.0
718,32.16
719,28.31
720,56.61
721,37.18
722,49.47
723,23.08
724,3.56
725,79.44
726,65.66
727,29.14
728,1.3
729,53.8
730,66.6
731,2.67
732,27.2
733,47.37
734,62.14
735,41.43
736,5.91
737,34.03
738,61.64
739,18.9
740,88.62
741,4.73
742,87.94
743,27.75
744,87.75
745,31.54
746,57.3
747,3.57
748,1.93
749,28.79
750,13.52
751,22.66
752,58.01
753,42.75
754,61.82
755,18.52
756,41.49
757,66.49
758,30.69
759,48.79
760,45.52
761,5.02
762,88.26
763,28.57
764,93.01
765,0.34
766,36.08
767,33.97
768,81.28
769,16.54
770,93.25
771,23.11
772,80.2
773,84.11
774,38.55
775,48.95
776,96.46
777,14.51
778,42.93
779,20.0
780,56.13
781,31.5
782,0.54
783,66.79
784,6.24
785,92.27
786,91.96
787,58.66
788,20.97
789,6.37
790,54.78
791,30.64
792,33.99
793,61.25
794,63.32
795,71.08
796,44.07
797,73.08
798,3.16
799,78.06
800,62.31
801,29.25
802,76.75
803,44.14
804,4.57
805,1.26
806,94.32
807,81.96
808,10.65
809,79.83
810,16.72
811,32.05
812,80.25
813,71.95
814,46.43
815,67.24
816,34.6
817,84.28
818,58.52
819,33.39
820,22.32
821,43.54
822,34.42
823,55.61
824,52.83
825,57.6
826,96.98
827,46.79
828,95.05
829,20.99
830,17.81
831,63.95
832,30.92
833,11.87
834,0.06
835,38.3
836,85.69
837,81.41
838,96.22
839,64.03
840,23.18
841,99.06
842,54.78
843,86.65
844,45.88
845,54.54
846,48.22
847,35.1
848,81.57
849,81.17
850,80.41
851,53.89
852,14.17
853,99.8
854,29.34
855,55.39
856,2.59
857,59.66
858,0.63
859,44.93
860,40.2
861,62.7
862,32.35
863,63.43
864,35.91
865,90.14
866,45.8
867,80.73
868,10.61
869,2.23
870,99.17
871,10.15
872,1.38
873,55.47
874,46.78
875,41.99
876,27.11
877,64.61
878,60.24
879,56.49
880,0.88
881,84.34
882,15.26
883,74.47
884,64.79
885,81.94
886,24.99
887,53.34
888,69.26
889,22.74
890,18.9
891,13.77
892,40.23
893,59.37
894,98.84
895,3.46
896,2.33
897,91.71
898,22.13
899,42.02
900,25.93
901,76.9
902,56.96
903,54.29
904,0.42
905,84.61
906,53.26
907,18.18
908,3.25
909,8.58
910,88.92
911,36.07
912,49.63
913,70.45
914,56.03
915,51.16
916,64.48
917,44.41
918,16.58
919,55.93
920,49.58
921,68.77
922,33.87
923,98.61
924,41.58
925,2.6
926,4.99
927,86.14
928,50.98
929,44.55
930,47.38
931,48.54
932,11.83
933,34.64
934,84.02
935,57.47
936,3.83
937,68.11
938,72.55
939,40.42
940,2.08
941,89.08
942,58.31
943,37.53
944,11.61
945,50.65
946,73.39
947,87.22
948,52.04
949,17.45
950,78.15
951,42.38
952,97.56
953,5.25
954,59.89
955,14.67
956,19.22
957,14.2
958,11.82
959,47.97
960,11.96
961,77.91
962,28.36
963,48.04
964,25.82
965,18.19
966,55.16
967,78.61
968,63.69
969,50.27
970,96.68
971,11.26
972,28.05
973,11.42
974,7.69
975,41.73
976,39.64
977,49.08
978,99.41
979,43.0
980,69.34
981,84.93
982,8.15
983,73.24
984,60.99
985,5.98
986,5.17
987,86.2
988,64.43
989,44.68
990,66.73
991,48.05
992,78.38
993,15.42
994,98.78
995,78.3
996,16.77
997,55.64
998,27.15
999,95.48
1000,3.92
1001,54.07
1002,35.81
1003,8.7
1004,1.74
1005,52.56
1006,16.26
1007,4.52
1008,36.01
1009,27.65
1010,64.34
1011,85.69
1012,71.46
1013,43.45
1014,45.6
1015,11.13
1016,58.75
1017,76.84
1018,25.86
1019,72.05
1020,64.05
1021,58.46
1022,7.3
1023,4.84
1024,9.11
1025,81.37
1026,21.88
1027,68.06
1028,41.95
1029,57.43
1030,78.69
1031,45.34
1032,46.17
1033,21.01
1034,58.83
1035,21.89
1036,91.97
1037,36.59
1038,30.55
1039,35.96
1040,87.01
1041,52.35
1042,14.66
1043,84.59
1044,1.4
1045,40.43
1046,67.34
1047,24.23
1048,57.02
1049,21.42
1050,28.58
1051,85.76
1052,41.71
1053,34.58
1054,14.06
1055,39.96
1056,68.7
1057,33.13
1058,53.19
1059,27.94
1060,51.22
1061,47.75
1062,9.95
1063,45.09
1064,23.42
1065,62.12
1066,80.53
1067,26.71
1068,93.18
1069,26.74
1070,99.48
1071,5.5
1072,26.03
1073,34.53
1074,34.64
1075,50.77
1076,68.49
1077,28.04
1078,22.41
1079,85.47
1080,87.63
1081,93.12
1082,25.46
1083,4.31
1084,8.84
1085,92.94
1086,16.21
1087,1.82
1088,11.99
1089,86.35
1090,86.01
1091,86.89
1092,39.53
1093,68.82
1094,88.93
1095,22.51
1096,73.6
1097,15.93
1098,40.27
1099,88.65
1100,85.65
1101,24.8
1102,84.39
1103,87.23
1104,51.33
1105,66.89
1106,74.67
1107,19.97
1108,87.61
1109,43.13
1110,83.44
1111,62.49
1112,95.55
1113,17.4
1114,15.56
1115,4.6
1116,19.29
1117,93.29
1118,15.02
1119,68.74
1120,66.78
1121,92.23
1122,6.62
1123,20.37
1124,0.65
1125,99.18
1126,63.37
1127,70.22
1128,24.38
1129,86.27
1130,98.78
1131,52.51
1132,78.03
1133,78.53
1134,93.59
1135,24.11
1136,79.45
1137,64.77
1138,41.44
1139,70.95
1140,63.28
1141,16.29
1142,11.71
1143,16.51
1144,78.35
1145,1.64
1146,22.46
1147,68.65
1148,50.52
1149,38.6
1150,4.78
1151,46.03
1152,88.11
1153,18.47
1154,6.39
1155,92.42
1156,26.88
1157,63.51
1158,59.32
1159,71.01
1160,61.11
1161,88.78
1162,26.76
1163,74.77
1164,82.41
1165,96.61
1166,35.61
1167,2.13
1168,62.5
1169,84.98
1170,99.41
1171,72.68
1172,62.98
1173,74.39
1174,49.42
1175,76.37
1176,59.5
1177,63.1
1178,55.42
1179,2.0
1180,10.67
1181,29.57
1182,23.64
1183,73.0
1184,33.64
1185,23.75
1186,38.29
1187,46.37
1188,52.51
1189,16.77
1190,64.56
1191,11.0
1192,48.28
1193,44.82
1194,37.86
1195,56.31
1196,5.01
1197,62.84
1198,70.8
1199,97.38
1200,28.22
1201,93.82
1202,0.95
1203,14.13
1204,89.98
1205,69.23
1206,75.28
1207,85.67
1208,6.08
1209,62.61
1210,90.73
1211,55.22
1212,8.25
1213,66.01
1214,34.81
1215,97.96
1216,99.79
1217,72.46
1218,97.71
1219,43.07
1220,40.62
1221,59.94
1222,77.15
1223,84.09
1224,90.42
1225,75.63
1226,69.71
1227,89.26
1228,54.18
1229,37.24
1230,89.62
1231,40.26
1232,2.02
1233,23.03
1234,25.43
1235,95.7
1236,7.32
1237,3.84
1238,29.59
1239,11.87
1240,41.52
1241,75.4
1242,9.09
1243,21.97
1244,30.08
1245,47.6
1246,81.44
1247,63.1
1248,42.69
1249,71.65
1250,15.91
1251,36.61
1252,41.64
1253,63.51
1254,48.46
1255,81.74
1256,94.14
1257,94.85
1258,76.21
1259,13.82
1260,45.74
1261,49.35
1262,85.73
1263,72.54
1264,20.38
1265,78.99
1266,11.36
1267,76.12
1268,99.4
1269,90.04
1270,4.39
1271,35.76
1272,99.99
1273,46.46
1274,37.52
1275,9.87
1276,15.9
1277,80.91
1278,34.06
1279,78.03
1280,22.77
1281,14.26
1282,84.36
1283,55.35
1284,7.3
1285,55.75
1286,19.03
1287,4.95
1288,10.89
1289,55.3
1290,44.22
1291,85.02
1292,2.73
1293,56.64
1294,66.07
1295,21.47
1296,23.45
1297,38.33
1298,40.33
1299,10.35
1300,77.52
1301,29.28
1302,57.22
1303,72.06
1304,7.23
1305,18.69
1306,43.4
1307,4.71
1308,6.73
1309,51.8
1310,65.02
1311,33.15
1312,79.89
1313,40.68
1314,32.77
1315,24.68
1316,87.85
1317,93.75
1318,24.84
1319,62.2
1320,98.59
1321,50.37
1322,49.4
1323,79.04
1324,4.23
1325,86.02
1326,54.85
1327,18.33
1328,74.44
1329,94.6
1330,80.46
1331,85.12
1332,40.27
1333,63.33
1334,12.14
1335,60.04
1336,59.11
1337,4.26
1338,2.28
1339,37.93
1340,96.19
1341,20.39
1342,1.69
1343,22.01
1344,89.45
1345,40.06
1346,62.93
1347,31.32
1348,31.89
1349,4.99
1350,27.47
1351,55.57
1352,95.56
1353,23.89
1354,42.96
1355,28.63
1356,24.47
1357,25.38
1358,51.67
1359,41.04
1360,28.24
1361,8.85
1362,13.19
1363,44.88
1364,33.35
1365,8.78
1366,17.77
1367,74.44
1368,18.05
1369,95.29
1370,51.25
1371,27.59
1372,60.28
1373,41.54
1374,64.56
1375,28.49
1376,38.78
1377,37.34
1378,20.74
1379,99.69
1380,25.49
1381,3.43
1382,53.96
1383,49.83
1384,5.92
1385,30.46
1386,80.56
1387,5.81
1388,79.63
1389,3.85
1390,96.72
1391,35.74
1392,42.19
1393,96.43
1394,69.34
1395,51.46
1396,84.11
1397,10.14
1398,6.66
1399,1.17
1400,14.26
1401,94.11
1402,29.89
1403,49.81
1404,10.23
1405,85.49
1406,54.39
1407,52.65
1408,2.94
1409,30.21
1410,47.97
1411,13.98
1412,96.99
1413,26.15
1414,94.47
1415,82.99
1416,91.46
1417,9.69
1418,47.48
1419,48.96
1420,95.83
1421,46.21
1422,95.95
1423,67.33
1424,57.28
1425,79.5
1426,25.71
1427,20.85
1428,87.04
1429,43.56
1430,68.3
1431,44.32
1432,22.42
1433,77.58
1434,99.7
1435,34.56
1436,85.79
1437,32.47
1438,45.35
1439,21.53
1440,53.89
1441,57.43
1442,38.49
1443,70.27
1444,18.24
1445,31.31
1446,55.7
1447,75.04
1448,56.26
1449,19.7
1450,79.98
1451,53.86
1452,70.69
1453,38.71
1454,7.82
1455,24.33
1456,92.38
1457,53.35
1458,22.68
1459,71.13
1460,7.03
1461,82.38
1462,79.15
1463,91.29
1464,81.79
1465,7.61
1466,71.37
1467,59.67
1468,37.69
1469,0.04
1470,55.42
1471,79.38
1472,70.67
1473,57.24
1474,20.41
1475,80.72
1476,95.22
1477,90.72
1478,7.4
1479,9.87
1480,62.92
1481,48.18
1482,76.64
1483,64.29
1484,71.2
1485,89.83
1486,72.69
1487,90.22
1488,27.87
1489,87.25
1490,85.09
1491,12.53
1492,97.55
1493,72.08
1494,10.75
1495,43.1
1496,89.05
1497,94.85
1498,79.6
1499,31.39
1500,51.87
1501,12.74
1502,44.92
1503,5.28
1504,28.41
1505,94.85
1506,96.16
1507,11.79
1508,51.9
1509,77.64
1510,29.4
1511,64.97
1512,15.91
1513,52.5
1514,71.64
1515,64.59
1516,78.28
1517,0.82
1518,0.82
1519,74.05
1520,75.36
1521,93.81
1522,50.57
1523,9.6
1524,27.99
1525,47.37
1526,91.54
1527,31.73
1528,39.0
1529,60.16
1530,66.19
1531,8.54
1532,90.36
1533,17.75
1534,16.76
1535,90.52
1536,81.09
1537,66.14
1538,31.08
1539,4.54
1540,76.15
1541,76.72
1542,40.55
1543,9.29
1544,62.9
1545,4.12
1546,91.77
1547,81.77
1548,69.12
1549,61.94
1550,30.63
1551,86.79
1552,2.62
1553,38.28
1554,28.0
1555,55.37
1556,64.52
1557,60.21
1558,78.35
1559,28.9
1560,50.26
1561,8.17
1562,67.71
1563,57.83
1564,98.7
1565,31.61
1566,46.81
1567,45.47
1568,78.0
1569,14.08
1570,99.61
1571,51.03
1572,33.69
1573,57.09
1574,26.03
1575,58.15
1576,94.11
1577,65.75
1578,53.1
1579,20.61
1580,97.38
1581,56.22
1582,25.72
1583,30.84
1584,86.5
1585,80.33
1586,48.85
1587,36.31
1588,78.65
1589,88.97
1590,59.81
1591,2.83
1592,54.92
1593,0.38
1594,50.38
1595,21.44
1596,4.95
1597,92.1
1598,96.62
1599,58.91
1600,70.74
1601,95.38
1602,27.36
1603,58.42
1604,48.75
1605,2.92
1606,62.7
1607,98.49
1608,29.68
1609,66.84
1610,45.75
1611,32.69
1612,72.1
1613,2.37
1614,92.26
1615,70.78
1616,27.82
1617,89.81
1618,52.39
1619,82.17
1620,41.49
1621,20.84
1622,70.64
1623,84.52
1624,49.2
1625,73.22
1626,43.69
1627,30.9
1628,39.8
1629,35.23
1630,34.43
1631,67.45
1632,2.74
1633,65.13
1634,66.48
1635,26.66
1636,3.29
1637,24.34
1638,42.61
1639,80.64
1640,76.4
1641,43.62
1642,0.33
1643,75.4
1644,15.57
1645,28.1
1646,49.69
1647,83.72
1648,16.24
1649,61.23
1650,61.3
1651,94.78
1652,17.61
1653,14.33
1654,2.74
1655,92.97
1656,92.83
1657,55.99
1658,48.42
1659,8.43
1660,72.58
1661,49.38
1662,38.34
1663,89.77
1664,90.7
1665,75.16
1666,49.54
1667,80.78
1668,54.96
1669,72.19
1670,24.42
1671,30.52
1672,83.13
1673,8.79
1674,66.62
1675,31.6
1676,77.18
1677,93.94
1678,13.01
1679,98.96
1680,14.1
1681,16.68
1682,84.53
1683,28.15
1684,68.42
1685,70.7
1686,97.53
1687,29.38
1688,65.07
1689,74.72
1690,57.25
1691,0.41
1692,50.12
1693,43.8
1694,64.7
1695,84.91
1696,7.05
1697,6.49
1698,96.2
1699,34.1
1700,9.06
1701,8.25
1702,61.29
1703,16.41
1704,22.14
1705,38.67
1706,32.23
1707,2.35
1708,2.36
1709,87.89
1710,56.86
1711,41.0
1712,82.48
1713,77.05
1714,84.39
1715,97.0
1716,82.18
1717,13.96
1718,45.4
1719,39.59
1720,20.93
1721,12.77
1722,15.88
1723,10.48
1724,51.67
1725,74.69
1726,67.51
1727,62.17
1728,29.72
1729,80.64
1730,89.94
1731,1.06
1732,74.02
1733,51.43
1734,37.33
1735,17.62
1736,70.46
1737,43.96
1738,5.78
1739,74.33
1740,0.82
1741,80.97
1742,47.37
1743,32.32
1744,39.18
1745,79.8
1746,68.84
1747,65.91
1748,84.29
1749,0.81
1750,32.93
1751,42.65
1752,99.1
1753,59.62
1754,32.59
1755,39.09
1756,4.84
1757,44.76
1758,21.3
1759,65.12
1760,37.6
1761,76.66
1762,43.07
1763,40.61
1764,29.39
1765,68.64
1766,5.23
1767,57.09
1768,17.47
1769,99.52
1770,42.65
1771,2.3
1772,85.83
1773,7.12
1774,36.09
1775,52.37
1776,60.52
1777,93.61
1778,37.85
1779,19.57
1780,50.59
1781,82.4
1782,70.91
1783,83.1
1784,50.7
1785,76.32
1786,64.24
1787,94.88
1788,51.72
1789,98.36
1790,2.62
1791,47.62
1792,84.16
1793,73.91
1794,19.52
1795,72.86
1796,45.61
1797,52.93
1798,90.57
1799,64.97
1800,17.89
1801,33.8
1802,15.0
1803,36.3
1804,43.03
1805,59.81
1806,94.67
1807,14.11
1808,80.51
1809,60.65
1810,77.12
1811,6.59
1812,86.31
1813,44.71
1814,33.67
1815,24.19
1816,37.47
1817,66.84
1818,85.15
1819,37.25
1820,81.02
1821,23.4
1822,90.23
1823,66.19
1824,26.82
1825,49.06
1826,84.52
1827,66.93
1828,39.71
1829,89.2
1830,45.42
1831,92.75
1832,31.49
1833,5.99
1834,98.24
1835,51.14
1836,85.84
1837,76.82
1838,99.9
1839,4.98
1840,14.39
1841,69.53
1842,43.72
1843,79.28
1844,91.13
1845,33.51
1846,39.77
1847,64.99
1848,32.06
1849,12.46
1850,82.42
1851,51.9
1852,70.97
1853,12.17
1854,10.29
1855,92.48
1856,51.95
1857,8.22
1858,70.9
1859,42.67
1860,83.87
1861,6.08
1862,16.73
1863,21.31
1864,81.2
1865,68.23
1866,15.52
1867,14.88
1868,78.75
1869,44.62
1870,61.96
1871,82.79
1872,69.02
1873,29.51
1874,82.37
1875,97.99
1876,12.59
1877,76.37
1878,89.5
1879,2.15
1880,10.4
1881,62.06
1882,7.48
1883,12.69
1884,8.3
1885,14.94
1886,51.47
1887,88.38
1888,89.7
1889,28.17
1890,32.45
1891,6.87
1892,98.23
1893,71.1
1894,71.22
1895,5.33
1896,69.89
1897,12.8
1898,5.03
1899,36.11
1900,45.43
1901,89.05
1902,84.57
1903,43.01
1904,6.74
1905,36.11
1906,67.89
1907,25.96
1908,75.93
1909,47.76
1910,88.31
1911,44.24
1912,31.75
1913,55.1
1914,87.09
1915,47.15
1916,63.88
1917,18.15
1918,22.46
1919,55.37
1920,54.94
1921,21.83
1922,42.78
1923,92.25
1924,51.73
1925,72.12
1926,79.9
1927,22.56
1928,11.9
1929,50.35
1930,2.61
1931,4.94
1932,74.69
1933,8.43
1934,96.23
1935,11.75
1936,56.84
1937,24.22
1938,95.81
1939,54.32
1940,40.73
1941,94.99
1942,13.15
1943,40.75
1944,52.27
1945,40.71
1946,82.23
1947,93.56
1948,57.69
1949,24.0
1950,49.9
1951,45.55
1952,6.29
1953,45.41
1954,44.55
1955,46.03
1956,63.01
1957,84.74
1958,83.72
1959,95.92
1960,33.71
1961,22.47
1962,80.52
1963,93.08
1964,50.34
1965,50.0
1966,40.8
1967,59.17
1968,75.22
1969,62.28
1970,42.16
1971,13.72
1972,18.64
1973,69.21
1974,82.35
1975,34.01
1976,79.81
1977,62.09
1978,64.71
1979,29.53
1980,59.51
1981,61.85
1982,34.1
1983,32.9
1984,82.57
1985,1.76
1986,51.12
1987,65.43
1988,43.11
1989,82.58
1990,2.59
1991,22.78
1992,4.54
1993,46.52
1994,53.09
1995,1.66
1996,40.11
1997,98.21
1998,1.93
1999,76.57
2000,45.17
2001,34.74
2002,46.68
2003,84.08
2004,7.47
2005,5.03
2006,32.96
2007,84.76
2008,32.72
2009,1.61
2010,57.57
2011,58.5
2012,49.18
2013,55.96
2014,17.84
2015,75.79
2016,32.94
2017,3.93
2018,53.05
2019,20.11
2020,63.95
2021,22.99
2022,70.78
2023,25.66
2024,55.34
2025,16.91
2026,43.45
2027,5.5
2028,74.83
2029,91.87
2030,8.01
2031,31.85
2032,48.64
2033,59.98
2034,71.5
2035,85.04
2036,64.81
2037,56.68
2038,91.41
2039,17.81
2040,98.11
2041,82.27
2042,97.22
2043,42.07
2044,93.93
2045,80.03
2046,56.71
2047,35.42
2048,12.18
2049,72.31
2050,67.46
2051,92.11
2052,79.83
2053,24.1
2054,49.48
2055,83.44
2056,10.24
2057,69.51
2058,35.11
2059,67.6
2060,78.9
2061,22.58
2062,94.13
2063,16.3
2064,38.19
2065,5.93
2066,5.34
2067,59.09
2068,36.87
2069,67.63
2070,27.69
2071,15.95
2072,27.47
2073,82.35
2074,52.1
2075,99.9
2076,12.56
2077,83.74
2078,40.68
2079,35.57
2080,83.52
2081,13.14
2082,49.17
2083,74.92
2084,26.82
2085,88.03
2086,92.69
2087,47.3
2088,71.73
2089,38.99
2090,56.06
2091,29.88
2092,90.0
2093,12.92
2094,14.95
2095,97.56
2096,15.9
2097,78.56
2098,20.77
2099,98.58
2100,0.36
2101,9.14
2102,39.61
2103,82.73
2104,49.77
2105,89.59
2106,51.52
2107,38.2
2108,33.91
2109,31.45
2110,96.55
2111,4.38
2112,34.64
2113,67.0
2114,92.09
2115,61.21
2116,37.82
2117,74.82
2118,48.19
2119,38.67
2120,33.81
2121,75.7
2122,10.7
2123,53.03
2124,65.98
2125,92.22
2126,29.87
2127,5.48
2128,38.42
2129,99.8
2130,0.45
2131,39.26
2132,39.49
2133,26.41
2134,73.07
2135,55.49
2136,47.9
2137,62.62
2138,84.03
2139,23.32
2140,31.14
2141,90.54
2142,72.56
2143,7.51
2144,95.92
2145,43.73
2146,59.17
2147,13.39
2148,64.93
2149,66.62
2150,48.56
2151,85.27
2152,33.46
2153,36.45
2154,6.64
2155,98.4
2156,53.02
2157,47.38
2158,38.93
2159,91.27
2160,33.84
2161,30.71
2162,56.63
2163,81.3
2164,99.44
2165,54.99
2166,35.02
2167,64.38
2168,57.95
2169,66.2
2170,46.65
2171,37.53
2172,10.0
2173,62.74
2174,88.01
2175,98.73
2176,23.01
2177,6.31
2178,65.26
2179,73.14
2180,21.08
2181,55.38
2182,8.37
2183,23.41
2184,90.67
2185,34.06
2186,65.56
2187,65.68
2188,75.18
2189,90.09
2190,37.62
2191,82.66
2192,25.51
2193,69.94
2194,37.95
2195,22.68
2196,25.11
2197,17.12
2198,36.21
2199,99.24
2200,46.83
2201,38.71
2202,31.72
2203,3.59
2204,23.32
2205,86.92
2206,66.18
2207,7.32
2208,52.31
2209,72.37
2210,41.62
2211,3.95
2212,66.59
2213,18.09
2214,99.61
2215,3.12
2216,12.06
2217,90.54
2218,56.02
2219,35.2
2220,8.65
2221,60.83
2222,33.35
2223,58.16
2224,42.21
2225,23.33
2226,12.11
2227,25.25
2228,1.87
2229,53.43
2230,49.8
2231,43.27
2232,61.46
2233,35.73
2234,19.33
2235,31.92
2236,83.97
2237,70.46
2238,19.03
2239,96.21
2240,71.28
2241,29.11
2242,42.21
2243,67.36
2244,67.55
2245,58.93
2246,89.36
2247,60.79
2248,44.23
2249,51.79
2250,48.18
2251,29.68
2252,66.85
2253,15.53
2254,92.25
2255,37.83
2256,55.29
2257,71.88
2258,8.61
2259,20.82
2260,72.21
2261,49.2
2262,2.87
2263,3.04
2264,14.93
2265,77.64
2266,73.88
2267,78.31
2268,25.9
2269,61.49
2270,12.68
2271,94.73
2272,43.17
2273,21.65
2274,65.64
2275,53.09
2276,19.7
2277,17.84
2278,31.72
2279,25.96
2280,61.71
2281,40.78
2282,17.34
2283,36.64
2284,77.97
2285,20.86
2286,42.15
2287,60.81
2288,21.93
2289,11.25
2290,61.23
2291,24.75
2292,69.21
2293,7.14
2294,41.68
2295,86.88
2296,69.2
2297,33.95
2298,16.77
2299,20.2
2300,69.75
2301,46.83
2302,84.27
2303,10.97
2304,80.81
2305,89.9
2306,83.33
2307,98.3
2308,0.5
2309,32.58
2310,11.35
2311,29.38
2312,31.08
2313,64.26
2314,79.8
2315,16.94
2316,80.7
2317,45.61
2318,78.3
2319,27.84
2320,62.69
2321,40.75
2322,68.82
2323,94.02
2324,97.04
2325,40.2
2326,12.03
2327,85.29
2328,17.42
2329,94.1
2330,80.42
2331,15.7
2332,13.89
2333,83.12
2334,28.08
2335,26.86
2336,75.23
2337,4.37
2338,70.36
2339,29.86
2340,9.38
2341,29.95
2342,6.71
2343,76.64
2344,33.04
2345,30.71
2346,55.34
2347,78.28
2348,40.54
2349,68.66
2350,69.19
2351,60.52
2352,79.0
2353,64.12
2354,31.02
2355,14.2
2356,85.56
2357,52.36
2358,69.08
2359,44.41
2360,51.59
2361,52.59
2362,90.58
2363,59.42
2364,70.73
2365,89.28
2366,97.46
2367,37.75
2368,22.1
2369,91.14
2370,0.2
2371,91.1
2372,23.69
2373,15.71
2374,44.12
2375,59.63
2376,12.78
2377,69.67
2378,38.34
2379,4.47
2380,24.67
2381,52.08
2382,35.73
2383,81.34
2384,68.09
2385,89.89
2386,42.49
2387,29.12
2388,67.26
2389,62.87
2390,31.33
2391,16.93
2392,64.75
2393,59.17
2394,2.64
2395,19.75
2396,23.34
2397,95.98
2398,3.51
2399,12.62
2400,11.72
2401,50.66
2402,38.92
2403,66.8
2404,56.83
2405,66.66
2406,50.23
2407,47.19
2408,60.41
2409,3.14
2410,16.1
2411,19.46
2412,86.11
2413,59.23
2414,65.58
2415,12.15
2416,57.44
2417,18.58
2418,71.38
2419,37.94
2420,51.5
2421,68.78
2422,68.89
2423,15.0
2424,82.79
2425,64.58
2426,93.13
2427,2.71
2428,67.04
2429,20.28
2430,31.6
2431,9.6
2432,34.86
2433,59.49
2434,13.51
2435,10.78
2436,97.75
2437,66.04
2438,2.87
2439,19.92
2440,69.88
2441,46.71
2442,35.38
2443,98.01
2444,4.2
2445,99.96
2446,59.22
2447,3.66
2448,85.6
2449,52.3
2450,20.57
2451,43.61
2452,93.66
2453,45.63
2454,22.01
2455,97.37
2456,74.63
2457,55.15
2458,13.96
2459,89.55
2460,51.6
2461,92.25
2462,90.02
2463,60.92
2464,42.11
2465,62.59
2466,10.15
2467,16.17
2468,75.74
2469,74.51
2470,43.16
2471,18.92
2472,95.1
2473,16.76
2474,50.96
2475,30.84
2476,79.4
2477,99.13
2478,28.57
2479,11.21
2480,78.86
2481,59.1
2482,18.29
2483,74.31
2484,95.76
2485,87.11
2486,10.16
2487,11.63
2488,3.66
2489,39.82
2490,47.01
2491,98.23
2492,70.15
2493,59.53
2494,58.43
2495,78.1
2496,18.21
2497,9.52
2498,66.0
2499,53.74
2500,49.63
2501,14.36
2502,36.39
2503,57.16
2504,78.85
2505,98.86
2506,62.02
2507,19.97
2508,81.84
2509,54.43
2510,93.2
2511,50.83
2512,79.2
2513,77.95
2514,34.91
2515,96.98
2516,35.1
2517,25.83
2518,33.03
2519,55.69
2520,64.7
2521,94.57
2522,28.98
2523,3.35
2524,7.41
2525,28.31
2526,91.2
2527,10.21
2528,28.56
2529,9.41
2530,59.64
2531,11.61
2532,7.24
2533,67.92
2534,24.98
2535,18.96
2536,4.19
2537,42.64
2538,69.77
2539,40.89
2540,93.57
2541,19.55
2542,67.01
2543,85.53
2544,68.07
2545,43.06
2546,1.9
2547,48.82
2548,40.59
2549,75.65
2550,31.66
2551,73.38
2552,94.47
2553,52.05
2554,63.24
2555,52.05
2556,8.06
2557,77.29
2558,47.33
2559,36.88
2560,82.79
2561,79.62
2562,62.12
2563,11.89
2564,60.68
2565,64.58
2566,8.73
2567,79.44
2568,51.25
2569,90.94
2570,96.36
2571,84.91
2572,11.36
2573,8.63
2574,74.54
2575,70.66
2576,21.53
2577,3.65
2578,56.86
2579,74.28
2580,77.33
2581,33.47
2582,55.39
2583,76.55
2584,37.49
2585,36.01
2586,38.72
2587,22.56
2588,25.59
2589,5.52
2590,28.47
2591,15.77
2592,4.99
2593,26.04
2594,4.96
2595,57.54
2596,94.25
2597,14.84
2598,92.25
2599,58.67
2600,41.79
2601,51.41
2602,38.56
2603,51.25
2604,86.62
2605,24.15
2606,7.95
2607,70.56
2608,7.76
2609,11.09
2610,92.85
2611,37.64
2612,91.23
2613,59.51
2614,5.68
2615,37.06
2616,87.49
2617,32.73
2618,44.96
2619,19.32
2620,53.03
2621,2.48
2622,98.6
2623,31.98
2624,68.88
2625,11.87
2626,46.91
2627,23.48
2628,44.11
2629,69.57
2630,48.81
2631,1.23
2632,84.46
2633,98.17
2634,3.84
2635,5.66
2636,83.71
2637,14.59
2638,95.98
2639,4.26
2640,48.37
2641,94.43
2642,94.19
2643,70.65
2644,94.95
2645,54.8
2646,97.83
2647,52.35
2648,8.84
2649,52.3
2650,40.33
2651,13.03
2652,73.98
2653,81.94
2654,13.59
2655,69.73
2656,28.43
2657,92.59
2658,21.89
2659,24.18
2660,49.45
2661,99.54
2662,67.9
2663,32.17
2664,52.26
2665,35.4
2666,41.97
2667,99.09
2668,78.33
2669,26.72
2670,18.36
2671,95.36
2672,47.47
2673,27.14
2674,35.32
2675,21.92
2676,89.75
2677,79.62
2678,30.68
2679,63.92
2680,74.65
2681,83.2
2682,26.24
2683,34.76
2684,72.81
2685,60.54
2686,55.06
2687,15.34
2688,66.85
2689,56.49
2690,79.35
2691,33.6
2692,54.51
2693,81.83
2694,43.0
2695,44.08
2696,60.93
2697,85.72
2698,79.89
2699,60.26
2700,70.18
2701,92.18
2702,31.48
2703,31.14
2704,28.43
2705,58.24
2706,27.04
2707,33.16
2708,22.07
2709,79.37
2710,98.78
2711,38.12
2712,4.73
2713,75.51
2714,96.1
2715,84.41
2716,71.34
2717,75.83
2718,59.24
2719,98.25
2720,31.23
2721,10.95
2722,27.51
2723,88.88
2724,67.82
2725,95.14
2726,71.78
2727,71.7
2728,78.71
2729,61.91
2730,48.77
2731,21.63
2732,22.87
2733,50.03
2734,30.05
2735,9.78
2736,2.41
2737,32.03
2738,49.05
2739,53.87
2740,80.57
2741,10.89
2742,20.89
2743,52.84
2744,84.08
2745,77.6
2746,11.99
2747,77.14
2748,19.81
2749,8.54
2750,36.76
2751,19.02
2752,96.11
2753,7.54
2754,34.64
2755,29.69
2756,21.22
2757,97.34
2758,75.14
2759,38.07
2760,59.16
2761,50.3
2762,93.18
2763,34.52
2764,66.85
2765,11.64
2766,9.93
2767,50.43
2768,5.18
2769,71.78
2770,96.45
2771,80.91
2772,80.81
2773,69.15
2774,20.29
2775,21.51
2776,60.81
2777,34.99
2778,5.18
2779,62.82
2780,22.82
2781,52.64
2782,18.69
2783,59.35
2784,60.73
2785,92.74
2786,71.46
2787,82.03
2788,25.25
2789,82.9
2790,2.57
2791,12.78
2792,96.34
2793,25.69
2794,66.39
2795,25.15
2796,87.12
2797,89.65
2798,86.05
2799,93.38
2800,91.39
2801,79.79
2802,14.26
2803,45.58
2804,26.7
2805,99.44
2806,48.92
2807,57.63
2808,14.04
2809,68.71
2810,80.16
2811,51.86
2812,96.61
2813,30.54
2814,61.44
2815,72.76
2816,64.18
2817,40.17
2818,25.51
2819,37.18
2820,26.67
2821,33.2
2822,81.32
2823,42.09
2824,5.17
2825,0.56
2826,7.61
2827,97.63
2828,83.28
2829,88.92
2830,47.88
2831,15.17
2832,82.86
2833,21.28
2834,53.43
2835,3.42
2836,74.41
2837,32.33
2838,17.19
2839,58.71
2840,77.49
2841,5.76
2842,27.32
2843,58.26
2844,1.63
2845,74.87
2846,16.28
2847,28.27
2848,27.41
2849,36.85
2850,52.2
2851,29.35
2852,62.74
2853,34.29
2854,22.43
2855,8.56
2856,13.38
2857,43.18
2858,15.36
2859,76.13
2860,58.65
2861,19.69
2862,14.12
2863,19.8
2864,25.44
2865,50.77
2866,1.17
2867,33.92
2868,73.9
2869,39.14
2870,50.02
2871,31.6
2872,37.25
2873,6.61
2874,7.15
2875,54.67
2876,19.96
2877,89.01
2878,5.22
2879,4.41
2880,43.14
2881,84.74
2882,16.75
2883,52.55
2884,98.41
2885,99.04
2886,99.28
2887,31.72
2888,35.67
2889,68.99
2890,46.02
2891,52.04
2892,67.03
2893,33.87
2894,56.4
2895,42.66
2896,21.79
2897,71.38
2898,77.86
2899,70.61
2900,52.61
2901,74.15
2902,54.04
2903,3.08
2904,32.1
2905,56.0
2906,72.89
2907,53.47
2908,16.69
2909,11.75
2910,41.72
2911,51.91
2912,15.83
2913,82.45
2914,1.21
2915,35.6
2916,44.31
2917,40.12
2918,53.65
2919,76.73
2920,71.72
2921,91.23
2922,0.77
2923,90.3
2924,26.39
2925,64.26
2926,8.64
2927,88.64
2928,82.23
2929,68.41
2930,20.07
2931,84.02
2932,90.48
2933,36.33
2934,55.81
2935,64.17
2936,36.74
2937,8.44
2938,65.2
2939,1.01
2940,0.67
2941,14.04
2942,56.21
2943,59.68
2944,90.07
2945,71.04
2946,61.77
2947,67.59
2948,44.16
2949,95.57
2950,97.01
2951,4.55
2952,56.08
2953,13.51
2954,64.07
2955,86.33
2956,68.03
2957,88.54
2958,97.82
2959,92.18
2960,35.32
2961,71.24
2962,46.6
2963,52.49
2964,15.88
2965,42.81
2966,69.84
2967,75.7
2968,24.08
2969,13.57
2970,88.63
2971,81.18
2972,58.94
2973,91.06
2974,91.52
2975,59.63
2976,75.52
2977,66.58
2978,43.28
2979,78.69
2980,9.39
2981,85.1
2982,52.96
2983,19.28
2984,90.42
2985,97.82
2986,37.13
2987,50.44
2988,85.15
2989,97.78
2990,93.16
2991,24.31
2992,35.55
2993,23.87
2994,28.69
2995,20.22
2996,20.02
2997,35.68
2998,9.43
2999,95.69
3000,65.87
3001,28.16
3002,62.52
3003,64.52
3004,36.44
3005,63.33
3006,62.92
3007,46.35
3008,88.73
3009,8.67
3010,76.18
3011,19.35
3012,71.98
3013,62.34
3014,77.55
3015,62.75
3016,27.26
3017,32.78
3018,35.94
3019,34.7
3020,64.45
3021,32.67
3022,70.73
3023,42.21
3024,25.2
3025,55.44
3026,50.76
3027,76.82
3028,12.23
3029,39.12
3030,39.19
3031,55.86
3032,69.42
3033,44.12
3034,31.22
3035,35.86
3036,76.12
3037,92.69
3038,64.59
3039,13.91
3040,20.29
3041,98.56
3042,55.07
3043,82.88
3044,50.0
3045,27.46
3046,14.33
3047,79.33
3048,10.01
3049,94.85
3050,78.03
3051,47.34
3052,41.29
3053,81.67
3054,8.66
3055,72.53
3056,52.3
3057,51.46
3058,50.49
3059,42.37
3060,73.33
3061,22.04
3062,25.75
3063,32.68
3064,51.16
3065,71.7
3066,51.29
3067,75.86
3068,69.68
3069,92.57
3070,11.07
3071,38.83
3072,64.98
3073,6.3
3074,25.91
3075,26.23
3076,18.3
3077,44.1
3078,1.34
3079,61.31
3080,17.89
3081,6.91
3082,66.54
3083,45.42
3084,97.0
3085,46.14
3086,35.63
3087,18.79
3088,52.67
3089,45.04
3090,89.81
3091,46.1
3092,1.85
3093,90.8
3094,52.1
3095,11.22
3096,40.31
3097,77.83
3098,34.75
3099,23.43
3100,86.25
3101,48.43
3102,7.26
3103,0.97
3104,29.79
3105,72.9
3106,5.38
3107,43.56
3108,99.1
3109,95.92
3110,59.52
3111,3.29
3112,18.04
3113,23.67
3114,38.79
3115,43.27
3116,9.27
3117,4.75
3118,25.02
3119,53.85
3120,88.34
3121,80.1
3122,43.14
3123,86.54
3124,0.67
3125,97.68
3126,38.63
3127,90.93
3128,24.67
3129,67.04
3130,13.13
3131,5.28
3132,69.39
3133,24.62
3134,14.77
3135,23.44
3136,76.22
3137,88.12
3138,1.65
3139,35.21
3140,61.94
3141,43.74
3142,35.8
3143,69.03
3144,38.97
3145,21.86
3146,62.68
3147,39.78
3148,78.64
3149,32.29
3150,19.39
3151,16.23
3152,0.82
3153,52.37
3154,40.93
3155,93.13
3156,90.94
3157,85.49
3158,64.64
3159,98.33
3160,99.19
3161,68.26
3162,4.3
3163,26.3
3164,79.75
3165,96.95
3166,52.26
3167,39.05
3168,81.63
3169,74.06
3170,32.49
3171,13.88
3172,76.36
3173,76.75
3174,20.43
3175,57.39
3176,32.05
3177,38.9
3178,25.61
3179,33.35
3180,12.8
3181,26.41
3182,33.53
3183,21.75
3184,32.39
3185,0.83
3186,13.79
3187,19.56
3188,56.67
3189,33.0
3190,87.45
3191,50.56
3192,54.72
3193,70.14
3194,76.16
3195,58.22
3196,84.44
3197,18.16
3198,13.11
3199,13.8
3200,60.21
3201,11.34
3202,52.73
3203,56.3
3204,86.67
3205,10.49
3206,97.82
3207,76.02
3208,4.29
3209,48.63
3210,2.28
3211,85.01
3212,27.23
3213,4.94
3214,44.87
3215,77.12
3216,44.61
3217,3.52
3218,3.28
3219,25.59
3220,64.83
3221,85.39
3222,91.34
3223,54.91
3224,52.29
3225,4.15
3226,40.44
3227,51.41
3228,0.92
3229,25.75
3230,87.27
3231,29.59
3232,5.69
3233,35.15
3234,67.88
3235,98.97
3236,69.62
3237,99.28
3238,34.75
3239,22.88
3240,81.39
3241,99.72
3242,75.85
3243,69.28
3244,77.46
3245,18.8
3246,82.32
3247,23.7
3248,54.06
3249,11.8
3250,1.43
3251,70.78
3252,21.8
3253,64.56
3254,75.56
3255,82.48
3256,37.02
3257,31.56
3258,73.33
3259,43.71
3260,1.26
3261,90.8
3262,75.71
3263,45.82
3264,58.7
3265,75.92
3266,17.61
3267,95.26
3268,76.76
3269,91.23
3270,28.64
3271,63.48
3272,12.1
3273,79.21
3274,93.63
3275,85.38
3276,24.46
3277,82.01
3278,75.56
3279,18.79
3280,21.68
3281,10.69
3282,20.88
3283,73.83
3284,86.54
3285,59.21
3286,36.12
3287,11.89
3288,27.45
3289,25.41
3290,53.07
3291,89.18
3292,25.23
3293,52.01
3294,13.35
3295,93.19
3296,39.42
3297,40.82
3298,62.86
3299,83.65
3300,15.73
3301,90.1
3302,11.26
3303,79.9
3304,98.45
3305,17.2
3306,26.53
3307,34.13
3308,70.74
3309,3.98
3310,71.81
3311,4.71
3312,36.21
3313,1.4
3314,60.55
3315,1.23
3316,13.66
3317,19.94
3318,9.65
3319,63.64
3320,56.08
3321,16.08
3322,76.34
3323,58.8
3324,95.58
3325,80.61
3326,86.31
3327,54.49
3328,30.48
3329,11.24
3330,18.4
3331,20.39
3332,87.9
3333,7.15
3334,63.53
3335,3.3
3336,28.92
3337,18.16
3338,53.41
3339,69.66
3340,75.23
3341,21.22
3342,26.27
3343,30.14
3344,22.89
3345,12.2
3346,84.93
3347,73.15
3348,19.61
3349,38.74
3350,65.51
3351,52.76
3352,35.44
3353,30.49
3354,69.08
3355,12.54
3356,4.2
3357,40.38
3358,13.08
3359,0.92
3360,93.41
3361,30.84
3362,57.81
3363,55.74
3364,86.75
3365,7.6
3366,33.04
3367,16.79
3368,89.67
3369,12.05
3370,95.27
3371,13.01
3372,1.75
3373,18.27
3374,41.63
3375,66.58
3376,70.02
3377,2.11
3378,57.1
3379,22.55
3380,18.47
3381,3.76
3382,41.82
3383,41.98
3384,98.55
3385,50.48
3386,23.54
3387,14.32
3388,79.99
3389,39.49
3390,5.15
3391,28.47
3392,43.89
3393,9.37
3394,13.78
3395,36.68
3396,3.53
3397,92.06
3398,27.98
3399,34.16
3400,36.61
3401,26.94
3402,66.42
3403,85.26
3404,85.78
3405,62.46
3406,61.22
3407,52.52
3408,56.05
3409,18.48
3410,66.73
3411,67.73
3412,96.02
3413,21.69
3414,23.75
3415,86.42
3416,14.21
3417,94.52
3418,10.92
3419,78.61
3420,34.12
3421,27.34
3422,23.83
3423,25.35
3424,98.76
3425,92.12
3426,98.82
3427,10.92
3428,74.99
3429,41.1
3430,15.06
3431,91.61
3432,50.74
3433,47.54
3434,23.37
3435,51.83
3436,14.54
3437,45.36
3438,42.82
3439,81.4
3440,57.14
3441,38.61
3442,16.5
3443,12.03
3444,89.39
3445,57.75
3446,27.65
3447,36.56
3448,88.61
3449,51.81
3450,40.29
3451,99.19
3452,71.42
3453,21.01
3454,6.74
3455,84.53
3456,11.39
3457,22.9
3458,86.07
3459,7.51
3460,77.08
3461,11.58
3462,7.02
3463,68.84
3464,43.72
3465,64.59
3466,62.35
3467,50.79
3468,74.4
3469,20.68
3470,43.01
3471,34.65
3472,30.69
3473,46.78
3474,7.93
3475,91.48
3476,29.31
3477,16.89
3478,30.28
3479,92.32
3480,78.02
3481,61.87
3482,86.67
3483,54.52
3484,22.75
3485,27.84
3486,90.14
3487,53.62
3488,62.97
3489,41.81
3490,64.68
3491,10.36
3492,68.78
3493,27.37
3494,28.48
3495,61.99
3496,47.15
3497,83.18
3498,3.84
3499,27.21
3500,84.17
3501,45.99
3502,84.35
3503,24.16
3504,53.2
3505,95.84
3506,82.65
3507,70.37
3508,87.15
3509,14.0
3510,28.46
3511,33.48
3512,42.67
3513,32.06
3514,97.44
3515,53.6
3516,31.3
3517,16.65
3518,60.62
3519,17.55
3520,46.73
3521,80.7
3522,19.73
3523,17.59
3524,45.39
3525,15.14
3526,58.38
3527,98.33
3528,21.84
3529,13.88
3530,64.61
3531,31.52
3532,63.93
3533,58.77
3534,48.4
3535,82.31
3536,85.57
3537,13.14
3538,43.77
3539,72.44
3540,66.33
3541,89.29
3542,43.67
3543,91.38
3544,79.86
3545,52.49
3546,69.31
3547,61.07
3548,82.39
3549,37.09
3550,59.21
3551,63.25
3552,85.62
3553,22.67
3554,37.56
3555,34.26
3556,54.22
3557,94.36
3558,62.29
3559,86.45
3560,9.58
3561,24.29
3562,76.74
3563,47.46
3564,6.16
3565,16.44
3566,79.77
3567,67.63
3568,3.75
3569,7.09
3570,80.79
3571,4.4
3572,66.9
3573,61.16
3574,6.72
3575,18.77
3576,16.65
3577,29.9
3578,37.25
3579,16.63
3580,85.64
3581,48.67
3582,36.14
3583,90.74
3584,93.67
3585,48.26
3586,31.03
3587,53.37
3588,51.62
3589,88.52
3590,67.6
3591,77.72
3592,98.22
3593,75.24
3594,62.56
3595,78.4
3596,58.17
3597,25.67
3598,42.09
3599,52.99
3600,42.07
3601,30.3
3602,22.8
3603,83.01
3604,22.7
3605,35.49
3606,75.14
3607,15.44
3608,59.01
3609,55.54
3610,57.66
3611,88.56
3612,25.18
3613,61.24
3614,21.25
3615,96.5
3616,53.23
3617,91.68
3618,16.54
3619,20.75
3620,34.8
3621,15.62
3622,81.19
3623,79.53
3624,77.85
3625,47.04
3626,45.86
3627,4.41
3628,46.31
3629,88.82
3630,7.59
3631,38.69
3632,19.1
3633,5.61
3634,11.11
3635,9.41
3636,21.23
3637,3.42
3638,59.33
3639,27.06
3640,13.63
3641,44.08
3642,7.85
3643,14.01
3644,46.01
3645,7.86
3646,93.87
3647,88.4
3648,13.53
3649,52.15
3650,94.97
3651,72.21
3652,41.62
3653,29.33
3654,58.74
3655,10.75
3656,47.86
3657,28.35
3658,60.1
3659,0.62
3660,73.56
3661,95.38
3662,69.54
3663,7.09
3664,30.53
3665,80.0
3666,56.39
3667,33.47
3668,10.7
3669,3.12
3670,27.43
3671,52.05
3672,38.15
3673,77.63
3674,46.98
3675,85.3
3676,26.17
3677,99.81
3678,13.95
3679,79.31
3680,20.78
3681,21.46
3682,49.36
3683,34.84
3684,51.06
3685,92.05
3686,74.34
3687,72.11
3688,53.43
3689,29.67
3690,15.57
3691,95.97
3692,52.9
3693,35.03
3694,76.2
3695,53.92
3696,76.01
3697,5.09
3698,75.21
3699,53.34
3700,25.14
3701,36.11
3702,82.63
3703,48.18
3704,9.07
3705,2.62
3706,45.22
3707,98.03
3708,61.04
3709,36.09
3710,32.36
3711,6.4
3712,88.84
3713,48.13
3714,76.62
3715,62.05
3716,61.77
3717,5.86
3718,4.38
3719,20.34
3720,66.27
3721,11.08
3722,89.83
3723,61.9
3724,35.13
3725,38.39
3726,65.35
3727,40.36
3728,7.35
3729,1.46
3730,29.98
3731,75.22
3732,4.04
3733,42.82
3734,65.49
3735,1.96
3736,56.67
3737,72.32
3738,38.55
3739,26.48
3740,60.47
3741,43.61
3742,0.78
3743,39.31
3744,73.74
3745,69.71
3746,2.22
3747,19.06
3748,29.26
3749,37.83
3750,53.11
3751,22.37
3752,72.22
3753,45.7
3754,76.75
3755,90.9
3756,73.41
3757,70.49
3758,53.43
3759,12.76
3760,93.87
3761,92.12
3762,0.85
3763,80.46
3764,33.14
3765,22.18
3766,17.94
3767,21.56
3768,34.37
3769,47.36
3770,74.58
3771,28.71
3772,33.32
3773,80.41
3774,46.44
3775,59.35
3776,28.48
3777,83.02
3778,26.95
3779,67.77
3780,61.72
3781,56.56
3782,23.5
3783,62.28
3784,43.94
3785,29.99
3786,5.36
3787,66.09
3788,64.5
3789,90.31
3790,72.64
3791,58.62
3792,55.46
3793,90.75
3794,61.0
3795,32.53
3796,79.82
3797,17.18
3798,36.55
3799,62.1
3800,72.72
3801,26.39
3802,72.15
3803,55.63
3804,72.26
3805,65.09
3806,53.32
3807,70.44
3808,25.78
3809,73.0
3810,74.7
3811,95.57
3812,83.21
3813,12.99
3814,71.01
3815,91.24
3816,67.2
3817,43.18
3818,82.39
3819,58.43
3820,69.22
3821,7.03
3822,47.11
3823,52.35
3824,87.23
3825,11.89
3826,90.21
3827,71.44
3828,19.64
3829,99.61
3830,24.59
3831,37.29
3832,78.31
3833,29.66
3834,1.07
3835,53.81
3836,23.72
3837,54.89
3838,55.05
3839,31.25
3840,6.44
3841,87.04
3842,82.4
3843,89.76
3844,94.98
3845,88.85
3846,89.51
3847,39.33
3848,31.76
3849,83.51
3850,88.0
3851,72.6
3852,14.67
3853,22.92
3854,77.63
3855,97.57
3856,70.05
3857,21.24
3858,45.85
3859,78.59
3860,30.8
3861,77.08
3862,79.25
3863,9.67
3864,87.75
3865,12.06
3866,89.99
3867,3.14
3868,55.58
3869,19.29
3870,33.96
3871,70.64
3872,34.9
3873,20.55
3874,93.8
3875,13.65
3876,99.6
3877,99.69
3878,0.46
3879,4.23
3880,49.93
3881,76.11
3882,4.37
3883,72.06
3884,59.81
3885,82.71
3886,49.74
3887,62.27
3888,5.35
3889,19.12
3890,90.03
3891,19.92
3892,52.52
3893,61.18
3894,84.15
3895,37.35
3896,25.23
3897,4.11
3898,72.31
3899,9.65
3900,75.9
3901,78.99
3902,43.81
3903,39.58
3904,28.82
3905,20.85
3906,39.31
3907,10.31
3908,81.1
3909,26.51
3910,72.17
3911,32.19
3912,89.93
3913,6.06
3914,14.6
3915,38.05
3916,69.69
3917,15.11
3918,13.52
3919,13.69
3920,88.17
3921,4.95
3922,78.16
3923,88.79
3924,10.87
3925,32.74
3926,34.97
3927,92.58
3928,80.19
3929,15.99
3930,81.01
3931,80.84
3932,72.87
3933,47.37
3934,29.63
3935,4.11
3936,72.26
3937,21.68
3938,60.17
3939,84.32
3940,30.71
3941,79.49
3942,92.26
3943,60.25
3944,56.57
3945,98.17
3946,95.83
3947,69.43
3948,0.09
3949,73.63
3950,10.66
3951,10.81
3952,14.51
3953,3.67
3954,42.98
3955,25.74
3956,20.43
3957,19.77
3958,67.97
3959,29.18
3960,30.58
3961,95.45
3962,23.89
3963,96.82
3964,51.67
3965,90.76
3966,62.35
3967,82.96
3968,37.44
3969,42.43
3970,19.87
3971,6.19
3972,67.37
3973,82.6
3974,26.79
3975,82.23
3976,51.17
3977,24.51
3978,24.75
3979,83.93
3980,55.02
3981,47.5
3982,73.46
3983,61.25
3984,98.77
3985,93.25
3986,18.21
3987,52.55
3988,5.9
3989,19.34
3990,69.71
3991,57.08
3992,59.41
3993,54.58
3994,81.6
3995,7.1
3996,48.9
3997,53.39
3998,82.92
3999,25.51
4000,1.6
4001,8.96
4002,45.8
4003,74.91
4004,63.82
4005,41.0
4006,16.1
4007,35.89
4008,27.92
4009,90.49
4010,67.28
4011,89.5
4012,85.9
4013,27.65
4014,85.03
4015,36.14
4016,73.33
4017,65.55
4018,61.49
4019,11.22
4020,56.94
4021,6.17
4022,9.05
4023,20.93
4024,90.06
4025,17.63
4026,95.78
4027,64.93
4028,56.43
4029,94.68
4030,24.18
4031,11.22
4032,53.71
4033,44.55
4034,55.99
4035,91.0
4036,19.54
4037,17.56
4038,27.55
4039,71.25
4040,48.04
4041,23.35
4042,81.54
4043,56.95
4044,69.49
4045,3.01
4046,82.38
4047,14.35
4048,43.67
4049,90.39
4050,1.37
4051,47.53
4052,90.42
4053,53.29
4054,29.18
4055,50.42
4056,52.67
4057,96.15
4058,37.76
4059,90.2
4060,1.25
4061,66.65
4062,42.59
4063,47.87
4064,25.96
4065,41.4
4066,29.06
4067,1.16
4068,73.95
4069,60.08
4070,45.62
4071,33.69
4072,62.25
4073,75.15
4074,33.11
4075,75.59
4076,41.6
4077,70.51
4078,96.66
4079,3.56
4080,94.7
4081,47.31
4082,97.89
4083,80.13
4084,14.78
4085,50.66
4086,67.09
4087,52.97
4088,44.42
4089,57.64
4090,88.88
4091,11.32
4092,58.27
4093,35.72
4094,35.09
4095,61.78
4096,85.79
4097,86.04
4098,41.5
4099,55.23
4100,7.06
4101,47.22
4102,79.8
4103,70.08
4104,99.41
4105,32.99
4106,68.55
4107,24.78
4108,67.45
4109,3.17
4110,9.92
4111,15.57
4112,46.38
4113,69.52
4114,9.95
4115,66.04
4116,81.19
4117,87.2
4118,99.06
4119,42.1
4120,88.59
4121,62.59
4122,12.3
4123,19.25
4124,37.2
4125,93.17
4126,77.78
4127,89.13
4128,95.2
4129,84.38
4130,18.61
4131,82.46
4132,50.09
4133,12.29
4134,64.61
4135,45.38
4136,78.79
4137,40.6
4138,63.35
4139,39.24
4140,98.22
4141,51.39
4142,84.78
4143,29.34
4144,20.01
4145,90.92
4146,75.02
4147,92.42
4148,19.64
4149,8.04
4150,49.42
4151,30.01
4152,88.78
4153,46.85
4154,98.42
4155,82.17
4156,96.77
4157,91.99
4158,66.45
4159,59.16
4160,83.69
4161,47.37
4162,6.16
4163,21.38
4164,83.01
4165,55.59
4166,86.99
4167,97.62
4168,26.67
4169,89.98
4170,16.79
4171,54.77
4172,52.91
4173,10.61
4174,27.38
4175,16.9
4176,12.66
4177,68.32
4178,63.65
4179,70.9
4180,95.79
4181,32.48
4182,53.1
4183,72.1
4184,80.02
4185,12.92
4186,47.08
4187,37.48
4188,10.09
4189,31.02
4190,75.25
4191,75.28
4192,80.64
4193,25.08
4194,24.63
4195,31.16
4196,32.75
4197,19.47
4198,86.93
4199,4.16
4200,51.94
4201,57.64
4202,49.01
4203,60.39
4204,39.81
4205,75.31
4206,69.3
4207,65.71
4208,71.22
4209,21.56
4210,3.97
4211,36.13
4212,43.64
4213,44.37
4214,87.93
4215,7.47
4216,79.34
4217,53.34
4218,18.53
4219,35.38
4220,92.3
4221,30.46
4222,91.29
4223,15.86
4224,64.93
4225,81.51
4226,88.91
4227,17.13
4228,76.88
4229,23.51
4230,82.47
4231,40.11
4232,21.36
4233,32.84
4234,66.09
4235,76.58
4236,68.86
4237,30.89
4238,51.73
4239,23.27
4240,14.13
4241,86.82
4242,81.67
4243,97.65
4244,45.72
4245,42.28
4246,44.64
4247,22.76
4248,82.59
4249,65.87
4250,25.99
4251,12.13
4252,92.71
4253,87.28
4254,79.44
4255,23.0
4256,38.98
4257,91.71
4258,55.54
4259,14.44
4260,1.72
4261,19.42
4262,66.18
4263,89.93
4264,52.12
4265,64.75
4266,87.81
4267,40.4
4268,36.67
4269,71.57
4270,54.8
4271,62.51
4272,23.75
4273,28.86
4274,63.57
4275,22.02
4276,0.78
4277,83.89
4278,24.41
4279,35.68
4280,54.09
4281,63.71
4282,64.26
4283,64.77
4284,2.44
4285,95.4
4286,48.48
4287,99.61
4288,95.24
4289,26.16
4290,32.51
4291,3.2
4292,48.83
4293,66.01
4294,61.47
4295,73.55
4296,70.21
4297,9.59
4298,99.19
4299,51.52
4300,12.1
4301,9.86
4302,98.19
4303,38.32
4304,96.87
4305,61.39
4306,68.84
4307,58.35
4308,25.43
4309,7.38
4310,80.03
4311,8.77
4312,22.27
4313,99.26
4314,89.58
4315,68.62
4316,65.17
4317,9.0
4318,13.55
4319,46.81
4320,66.08
4321,60.94
4322,12.66
4323,38.56
4324,70.1
4325,8.34
4326,19.3
4327,43.1
4328,95.73
4329,63.15
4330,15.3
4331,33.91
4332,85.66
4333,78.51
4334,10.63
4335,49.77
4336,95.68
4337,32.62
4338,5.08
4339,3.03
4340,57.82
4341,91.38
4342,80.47
4343,0.42
4344,93.0
4345,88.04
4346,65.29
4347,21.37
4348,63.31
4349,82.96
4350,64.09
4351,24.2
4352,92.89
4353,19.65
4354,28.41
4355,37.0
4356,58.24
4357,37.41
4358,98.78
4359,21.44
4360,26.14
4361,92.41
4362,49.71
4363,65.75
4364,45.27
4365,53.19
4366,75.5
4367,29.0
4368,76.95
4369,33.35
4370,20.58
4371,58.95
4372,44.79
4373,52.28
4374,36.52
4375,80.28
4376,4.49
4377,54.32
4378,21.84
4379,80.64
4380,92.72
4381,88.84
4382,85.94
4383,24.91
4384,86.05
4385,17.62
4386,79.53
4387,85.65
4388,4.22
4389,11.38
4390,86.99
4391,83.02
4392,65.44
4393,38.42
4394,21.38
4395,79.68
4396,42.26
4397,60.36
4398,27.31
4399,65.31
4400,46.34
4401,3.84
4402,75.08
4403,33.43
4404,18.39
4405,14.03
4406,62.35
4407,27.89
4408,61.18
4409,28.9
4410,88.03
4411,8.49
4412,20.28
4413,14.76
4414,16.27
4415,58.94
4416,79.23
4417,66.88
4418,67.97
4419,55.91
4420,5.1
4421,89.83
4422,12.93
4423,50.23
4424,74.33
4425,24.32
4426,33.09
4427,66.14
4428,74.1
4429,88.09
4430,83.3
4431,36.17
4432,81.62
4433,62.78
4434,88.49
4435,64.06
4436,4.28
4437,87.14
4438,93.62
4439,44.21
4440,19.36
4441,33.63
4442,5.77
4443,96.53
4444,52.12
4445,31.27
4446,84.22
4447,76.68
4448,32.31
4449,13.53
4450,94.91
4451,60.38
4452,56.48
4453,18.03
4454,84.92
4455,48.31
4456,1.83
4457,6.11
4458,17.03
4459,58.09
4460,35.24
4461,19.79
4462,26.04
4463,42.76
4464,0.38
4465,75.61
4466,41.72
4467,67.37
4468,62.71
4469,13.21
4470,9.18
4471,55.33
4472,30.07
4473,80.09
4474,43.57
4475,36.16
4476,45.75
4477,86.43
4478,81.94
4479,86.21
4480,11.93
4481,68.15
4482,39.08
4483,17.0
4484,74.35
4485,69.39
4486,7.29
4487,91.51
4488,72.36
4489,38.99
4490,6.03
4491,64.18
4492,87.36
4493,28.17
4494,11.05
4495,81.5
4496,6.75
4497,98.46
4498,8.68
4499,34.55
4500,17.38
4501,83.81
4502,65.81
4503,0.06
4504,34.34
4505,16.89
4506,77.96
4507,75.75
4508,26.29
4509,62.85
4510,17.42
4511,26.88
4512,33.23
4513,34.09
4514,85.41
4515,21.31
4516,37.76
4517,58.71
4518,70.21
4519,81.74
4520,87.7
4521,24.43
4522,74.84
4523,95.97
4524,99.34
4525,93.99
4526,37.02
4527,1.78
4528,84.99
4529,77.16
4530,28.09
4531,25.43
4532,4.65
4533,96.57
4534,99.44
4535,44.49
4536,73.54
4537,83.43
4538,20.2
4539,82.21
4540,62.79
4541,9.33
4542,47.59
4543,23.56
4544,95.12
4545,8.85
4546,18.06
4547,65.96
4548,52.14
4549,27.0
4550,66.7
4551,72.19
4552,96.2
4553,44.86
4554,66.42
4555,46.08
4556,81.67
4557,38.54
4558,25.05
4559,30.68
4560,80.62
4561,53.72
4562,81.3
4563,37.51
4564,98.43
4565,26.09
4566,36.03
4567,84.82
4568,4.02
4569,45.43
4570,20.23
4571,24.86
4572,20.3
4573,18.56
4574,29.7
4575,32.82
4576,18.52
4577,56.08
4578,43.42
4579,74.78
4580,71.87
4581,72.22
4582,23.61
4583,58.67
4584,79.02
4585,46.07
4586,54.98
4587,11.73
4588,15.01
4589,89.16
4590,66.76
4591,71.72
4592,80.99
4593,19.68
4594,60.56
4595,59.84
4596,21.62
4597,30.8
4598,30.15
4599,54.21
4600,70.85
4601,9.4
4602,72.77
4603,30.23
4604,59.16
4605,26.31
4606,76.81
4607,60.02
4608,47.33
4609,64.04
4610,12.77
4611,43.67
4612,30.59
4613,80.19
4614,70.79
4615,86.74
4616,62.62
4617,45.97
4618,60.42
4619,76.06
4620,20.73
4621,59.08
4622,54.3
4623,72.12
4624,84.77
4625,74.71
4626,92.33
4627,33.95
4628,28.97
4629,93.92
4630,40.79
4631,49.7
4632,48.55
4633,2.58
4634,59.16
4635,90.22
4636,47.66
4637,32.22
4638,29.59
4639,37.12
4640,71.34
4641,11.52
4642,0.85
4643,44.24
4644,78.63
4645,73.7
4646,4.74
4647,24.3
4648,46.64
4649,35.09
4650,62.76
4651,62.83
4652,99.62
4653,12.27
4654,11.21
4655,20.67
4656,5.6
4657,82.47
4658,72.33
4659,93.23
4660,39.49
4661,85.5
4662,34.56
4663,3.07
4664,21.48
4665,59.05
4666,30.32
4667,63.4
4668,98.44
4669,78.02
4670,77.74
4671,11.88
4672,31.13
4673,78.6
4674,47.03
4675,95.67
4676,63.89
4677,30.68
4678,4.65
4679,20.53
4680,99.43
4681,57.05
4682,67.02
4683,20.97
4684,83.46
4685,53.83
4686,72.88
4687,40.81
4688,71.36
4689,1.1
4690,34.98
4691,70.93
4692,32.03
4693,48.16
4694,24.61
4695,16.14
4696,57.51
4697,43.7
4698,78.29
4699,47.61
4700,98.08
4701,19.65
4702,96.08
4703,2.67
4704,1.39
4705,29.97
4706,92.04
4707,3.75
4708,47.69
4709,15.08
4710,21.16
4711,15.07
4712,73.33
4713,25.56
4714,42.58
4715,69.52
4716,7.89
4717,22.84
4718,73.28
4719,5.97
4720,77.02
4721,87.09
4722,77.72
4723,66.07
4724,94.09
4725,10.93
4726,37.35
4727,56.13
4728,12.65
4729,23.76
4730,70.98
4731,73.48
4732,29.61
4733,57.1
4734,30.82
4735,43.16
4736,99.2
4737,29.39
4738,77.74
4739,74.09
4740,24.61
4741,33.09
4742,48.1
4743,53.22
4744,20.98
4745,53.97
4746,72.54
4747,58.95
4748,72.79
4749,30.26
4750,2.04
4751,60.72
4752,58.57
4753,81.46
4754,62.69
4755,97.31
4756,38.57
4757,69.25
4758,31.3
4759,1.49
4760,66.53
4761,40.99
4762,21.34
4763,94.07
4764,41.09
4765,5.81
4766,51.97
4767,91.7
4768,67.61
4769,10.16
4770,76.4
4771,90.3
4772,14.27
4773,66.42
4774,40.01
4775,89.95
4776,68.36
4777,59.76
4778,42.72
4779,48.15
4780,59.37
4781,8.42
4782,34.37
4783,30.92
4784,96.61
4785,83.62
4786,46.74
4787,46.11
4788,63.44
4789,38.42
4790,0.28
4791,82.49
4792,21.97
4793,93.14
4794,94.65
4795,80.89
4796,35.94
