1,75.87
2,92.45
3,0.73
4,42.08
5,56.05
6,96.35
7,26.96
8,48.92
9,51.53
10,50.74
1,54.39
2,5.88
3,1.83
4,1.05
5,33.89
6,7.54
7,23.97
8,53.7
9,8.05
10,26.63
11,41.74
12,53.18
13,72.55
14,29.77
15,47.69
16,16.53
17,42.28
18,89.65
19,24.66
20,4.09
21,59.82
22,50.66
23,52.77
24,86.69
25,71.65
26,34.36
27,81.67
28,92.49
29,52.79
30,64.26
31,48.84
32,12.76
33,80.14
34,70.81
35,11.96
36,71.8
37,27.12
38,24.77
39,65.85
40,57.95
41,59.77
42,13.08
43,99.46
44,27.01
45,90.99
46,50.53
47,9.72
48,64.71
49,33.44
50,48.35
51,8.33
52,90.96
53,98.94
54,39.53
55,37.42
56,34.48
57,16.65
58,75.48
59,72.09
60,31.94
61,43.02
62,51.63
63,67.84
64,70.29
65,48.55
66,18.38
67,7.0
68,91.88
69,69.64
70,6.2
71,86.61
72,79.36
73,18.13
74,9.17
75,48.24
76,84.73
77,25.85
78,20.59
79,44.15
80,13.28
81,12.85
82,92.54
83,39.1
84,50.6
85,93.43
86,41.13
87,93.33
88,1.8
89,60.58
90,32.09
91,2.89
92,75.0
93,6.52
94,13.56
95,6.56
96,81.06
97,2.26
98,11.95
99,43.99
100,57.35
101,76.92
102,82.95
103,21.05
104,44.82
105,38.03
106,93.55
107,26.1
108,0.72
109,63.98
110,38.66
111,76.33
112,81.0
113,36.38
114,35.81
115,54.36
116,42.3
117,27.31
118,34.29
119,35.25
120,60.18
121,6.36
122,18.6
123,58.84
124,25.11
125,1.95
126,26.18
127,91.22
128,28.45
129,50.39
130,3.79
131,98.24
132,14.91
133,9.33
134,0.06
135,16.51
136,82.01
137,5.94
138,20.73
139,58.09
140,15.15
141,65.37
142,3.88
143,88.13
144,59.02
145,43.28
146,65.02
147,97.82
148,68.36
149,62.98
150,26.35
151,41.08
152,55.82
153,75.24
154,93.39
155,63.15
156,93.39
157,59.11
158,32.7
159,84.28
160,69.74
161,13.85
162,14.73
163,30.52
164,12.62
165,72.74
166,44.66
167,65.85
168,69.19
169,16.87
170,13.42
171,50.63
172,4.71
173,58.91
174,54.96
175,52.25
176,64.21
177,78.93
178,89.94
179,91.91
180,91.38
181,4.94
182,18.65
183,69.46
184,72.48
185,69.52
186,52.1
187,12.3
188,39.74
189,95.59
190,60.53
191,74.01
192,85.51
193,35.01
194,89.27
195,32.81
196,40.71
197,94.19
198,2.98
199,88.8
200,90.52
201,2.74
202,10.8
203,41.11
204,63.15
205,61.85
206,81.99
207,99.72
208,86.27
209,74.34
210,18.83
211,58.88
212,94.58
213,4.28
214,58.89
215,32.4
216,89.9
217,23.04
218,68.85
219,14.63
220,88.84
221,45.59
222,32.8
223,97.04
224,78.47
225,38.42
226,61.74
227,17.39
228,19.21
229,31.22
230,78.4
231,59.11
232,69.98
233,18.16
234,43.01
235,10.69
236,50.5
237,11.06
238,62.55
239,26.62
240,25.52
241,62.8
242,85.86
243,89.79
244,76.26
245,74.04
246,47.11
247,22.55
248,57.92
249,93.26
250,53.15
251,52.79
252,53.91
253,32.32
254,75.38
255,35.12
256,83.84
257,97.93
258,19.53
259,39.63
260,1.01
261,22.39
262,62.66
263,54.77
264,11.12
265,76.88
266,84.35
267,68.85
268,90.55
269,68.31
270,65.22
271,3.29
272,98.64
273,75.67
274,39.75
275,95.72
276,31.0
277,95.08
278,82.46
279,94.04
280,79.15
281,47.84
282,36.59
283,43.75
284,43.25
285,96.43
286,34.94
287,61.8
288,11.64
289,65.98
290,35.59
291,9.92
292,53.77
293,4.59
294,7.05
295,7.68
296,84.15
297,40.23
298,64.41
299,65.12
300,91.71
301,2.29
302,93.46
303,83.02
304,3.91
305,26.97
306,20.66
307,12.1
308,11.7
309,34.49
310,92.96
311,53.27
312,15.76
313,43.09
314,43.69
315,49.27
316,95.44
317,21.33
318,24.67
319,11.85
320,18.31
321,70.79
322,48.32
323,12.84
324,0.85
325,77.37
326,17.99
327,89.97
328,70.63
329,36.88
330,43.72
331,13.93
332,71.36
333,55.72
334,78.38
335,18.92
336,13.47
337,24.15
338,79.47
339,88.81
340,53.87
341,23.38
342,30.09
343,5.64
344,8.72
345,69.75
346,39.46
347,10.19
348,49.94
349,47.59
350,60.06
351,55.51
352,19.92
353,5.04
354,97.29
355,61.25
356,25.89
357,40.06
358,92.0
359,61.48
360,53.5
361,41.46
362,49.15
363,55.51
364,43.16
365,15.24
366,52.62
367,77.55
368,21.38
369,0.06
370,53.96
371,27.6
372,70.39
373,9.79
374,75.13
375,30.76
376,58.36
377,51.24
378,65.63
379,89.03
380,53.03
381,43.02
382,99.27
383,71.18
384,96.16
385,81.24
386,12.08
387,10.44
388,54.65
389,75.03
390,58.56
391,87.22
392,44.49
393,8.2
394,85.64
395,12.78
396,41.69
397,25.56
398,4.88
399,80.99
400,37.26
401,89.05
402,63.56
403,86.76
404,39.33
405,0.04
406,33.03
407,96.95
408,78.93
409,61.74
410,23.91
411,11.66
412,24.85
413,4.6
414,42.32
415,5.2
416,4.66
417,5.78
418,95.22
419,52.08
420,3.4
421,19.26
422,46.29
423,35.01
424,15.27
425,21.96
426,4.85
427,15.27
428,23.34
429,49.52
430,87.71
431,15.03
432,4.54
433,9.79
434,33.91
435,80.86
436,29.45
437,27.02
438,28.04
439,54.55
440,95.25
441,38.8
442,92.92
443,32.77
444,26.0
445,4.76
446,60.38
447,34.04
448,99.95
449,54.95
450,1.24
451,18.2
452,55.74
453,62.37
454,21.38
455,71.09
456,14.68
457,57.94
458,71.73
459,28.31
460,81.35
461,6.22
462,86.56
463,13.49
464,55.01
465,39.99
466,88.91
467,64.16
468,74.22
469,59.15
470,24.95
471,4.23
472,14.17
473,53.81
474,95.9
475,93.71
476,77.02
477,83.2
478,69.17
479,15.76
480,41.03
481,33.26
482,50.61
483,68.89
484,98.09
485,86.54
486,23.85
487,23.52
488,67.05
489,83.05
490,45.09
491,63.9
492,52.71
493,67.72
494,59.64
1,79.14
2,33.75
3,38.43
4,11.2
5,99.73
6,61.78
7,42.37
8,40.07
9,1.03
10,49.94
11,26.91
12,68.3
13,62.18
14,61.93
15,43.65
16,98.03
17,13.6
18,13.04
19,69.69
20,6.12
21,37.76
22,54.52
23,88.74
24,50.25
25,25.99
26,62.05
27,21.85
28,48.16
29,3.92
30,95.09
31,47.35
32,40.79
33,32.71
34,31.04
35,34.11
36,76.8
37,59.54
38,13.12
39,94.23
40,63.74
41,22.18
42,40.45
43,44.63
44,64.07
45,82.27
46,9.06
47,36.42
48,1.73
49,98.17
50,57.48
51,84.05
52,32.67
53,23.33
54,70.25
55,66.93
56,75.45
57,89.77
58,33.53
59,93.47
60,62.53
61,32.84
62,28.12
63,4.93
64,57.32
65,12.48
66,84.9
67,90.52
68,87.78
69,95.68
70,95.69
71,36.26
72,9.97
73,35.77
74,52.07
75,21.45
76,14.59
77,4.34
78,57.91
79,47.24
80,27.79
81,10.75
82,19.52
83,97.99
84,65.28
85,93.78
86,89.07
87,45.5
88,26.86
89,55.95
90,49.49
91,90.18
92,90.36
93,69.77
94,16.46
95,16.45
96,44.3
97,5.0
98,28.32
99,12.46
100,44.18
101,8.5
102,12.26
103,78.45
104,89.27
105,84.09
106,63.42
107,55.88
108,26.31
109,15.11
110,16.76
111,92.01
112,68.88
113,66.18
114,56.85
115,80.72
116,78.99
117,35.38
118,32.1
119,76.32
120,92.19
121,55.06
122,1.8
123,0.58
124,40.52
125,12.45
126,60.75
127,0.41
128,52.43
129,95.43
130,2.45
131,1.8
132,11.37
133,64.98
134,11.12
135,43.72
136,91.34
137,29.86
138,8.64
139,66.14
140,66.99
141,6.22
142,79.56
143,27.22
144,18.78
145,12.96
146,98.6
147,13.9
148,6.11
149,9.19
150,39.77
151,98.62
152,83.69
153,87.98
154,60.27
155,16.84
156,34.59
157,43.77
158,85.58
159,20.42
160,52.12
161,36.07
162,68.72
163,17.61
164,34.68
165,46.54
166,24.74
167,2.39
168,44.92
169,41.88
170,99.5
171,40.62
172,13.09
173,73.78
174,59.08
175,2.13
176,31.23
177,71.88
178,51.15
179,72.82
180,89.51
181,35.58
182,64.78
183,96.97
184,70.52
185,63.53
186,94.05
187,88.88
188,97.88
189,66.31
190,97.74
191,97.36
192,33.69
193,1.03
194,96.29
195,99.1
196,13.88
197,57.22
198,34.32
199,13.73
200,17.39
201,99.16
202,30.57
203,30.94
204,40.25
205,43.35
206,99.07
207,59.37
208,72.76
209,12.73
210,60.01
211,25.45
212,59.79
213,81.35
214,54.86
215,77.76
216,34.94
217,96.31
218,13.88
219,44.84
220,19.68
221,41.67
222,31.74
223,21.32
224,6.62
225,34.69
226,4.07
227,77.11
228,15.36
229,32.96
230,28.78
231,43.34
232,86.75
233,45.13
234,15.16
235,10.14
236,99.86
237,71.06
238,15.99
239,27.51
240,9.77
241,9.12
242,13.53
243,50.24
244,69.35
245,14.25
246,5.14
247,30.02
248,13.26
249,23.5
250,78.61
251,70.04
252,55.14
253,12.44
254,64.99
255,55.76
256,27.69
257,96.27
258,77.88
259,89.36
260,29.94
261,18.98
262,19.44
263,73.59
264,85.97
265,61.98
266,37.36
267,50.09
268,95.28
269,2.52
270,33.53
271,18.27
272,40.18
273,44.36
274,55.53
275,20.49
276,73.51
277,71.19
278,75.6
279,83.94
280,85.16
281,30.84
282,53.47
283,44.65
284,52.95
285,47.6
286,33.29
287,43.52
288,78.71
289,28.36
290,68.72
291,1.02
292,46.89
293,4.76
294,44.65
295,17.97
296,8.54
297,79.28
298,89.5
299,17.34
300,1.93
301,81.17
302,68.71
303,45.61
304,98.11
305,5.55
306,1.42
307,64.12
308,70.46
309,69.25
310,23.4
311,29.07
312,59.63
313,95.51
314,98.68
315,70.21
316,46.96
317,49.84
318,56.95
319,79.02
320,15.81
321,6.5
322,90.14
323,88.99
324,5.58
325,31.65
326,56.42
327,55.57
328,73.94
329,57.14
330,57.71
331,72.58
332,0.4
333,71.95
334,22.66
335,13.87
336,91.94
337,33.31
338,57.69
339,49.42
340,87.28
341,45.9
342,47.72
343,7.67
344,28.04
345,88.77
346,32.69
347,5.87
348,46.87
349,31.24
350,90.64
351,46.67
352,45.94
353,85.92
354,46.98
355,97.19
356,66.81
357,30.71
358,38.25
359,68.99
360,41.77
361,94.56
362,90.48
363,14.45
364,34.93
365,85.57
366,88.15
367,53.62
368,96.65
369,45.21
370,2.66
371,41.63
372,96.83
373,92.51
374,67.56
375,32.18
376,53.2
377,24.21
378,28.38
379,65.48
380,64.37
381,13.89
382,27.7
383,83.7
384,45.5
385,4.09
386,26.86
387,16.08
388,48.77
389,21.55
390,13.56
391,30.92
392,7.78
393,64.17
394,70.05
395,69.07
396,72.34
397,46.31
398,12.9
399,65.71
400,19.22
401,20.74
402,36.35
403,15.56
404,95.97
405,72.78
406,29.62
407,21.55
408,57.47
409,68.12
410,33.63
411,28.73
412,99.08
413,45.55
414,91.59
415,20.31
416,89.08
417,86.83
418,61.47
419,29.57
420,80.11
421,26.71
422,20.83
423,43.14
424,49.33
425,83.85
426,11.69
427,67.28
428,30.28
429,8.59
430,37.35
431,45.36
432,96.54
433,40.31
434,27.3
435,95.24
436,87.3
437,22.66
438,11.6
439,18.32
440,34.21
441,65.54
442,58.14
443,59.69
444,11.92
445,83.76
446,98.53
447,50.12
448,78.92
449,6.94
450,97.49
451,13.69
452,99.25
453,54.95
454,61.11
455,88.07
456,21.87
457,63.0
458,69.39
459,27.73
460,24.38
461,12.94
462,77.7
463,38.35
464,37.54
465,86.28
466,98.12
467,37.86
468,86.71
469,79.57
470,65.67
471,51.89
472,77.3
473,47.96
474,97.2
475,72.55
476,58.31
477,80.96
478,79.21
479,52.58
480,20.89
481,88.88
482,7.58
483,57.31
484,13.15
485,33.27
486,22.16
487,92.97
488,2.57
489,13.49
490,27.0
491,18.93
492,76.86
493,36.91
494,53.0
495,81.86
496,57.33
497,1.68
498,9.33
499,69.51
500,90.88
501,80.81
502,15.74
503,78.15
504,31.94
505,21.12
506,1.14
507,37.34
508,48.81
509,17.03
510,4.68
511,10.3
512,67.36
513,47.9
514,44.86
515,38.82
516,34.61
517,72.54
518,73.72
519,75.53
520,40.81
521,27.96
522,52.39
523,79.66
524,19.61
525,35.61
526,63.49
527,43.54
528,42.39
529,83.24
530,20.21
531,78.8
532,55.8
533,44.06
534,61.14
535,70.91
536,11.5
537,56.74
538,80.59
539,20.56
540,51.98
541,12.59
542,4.55
543,49.27
544,99.52
545,26.22
546,30.5
547,96.35
548,88.85
549,26.34
550,31.81
551,83.53
552,55.64
553,95.88
554,65.39
555,31.57
556,16.67
557,7.45
558,1.63
559,33.06
560,49.27
561,65.13
562,36.02
563,5.76
564,12.92
565,95.62
566,41.77
567,56.6
568,15.49
569,48.0
570,16.27
571,20.12
572,67.6
573,54.7
574,7.06
575,98.48
576,11.19
577,68.96
578,93.98
579,83.11
580,52.98
581,75.73
582,40.92
583,64.5
584,43.19
585,8.33
586,3.7
587,65.88
588,82.85
589,34.52
590,20.08
591,6.43
592,60.84
593,10.37
594,4.55
595,10.81
596,49.98
597,60.34
598,10.7
599,37.1
600,42.99
601,5.2
602,59.21
603,62.78
604,69.54
605,20.75
606,95.93
607,69.38
608,45.77
609,78.55
610,81.44
611,65.3
612,19.89
613,92.3
614,57.28
615,32.14
616,63.7
617,47.74
618,74.85
619,69.67
620,20.19
621,53.67
622,54.31
623,31.39
624,78.95
625,37.17
626,19.47
627,15.46
628,29.14
629,49.66
630,92.45
631,59.12
632,57.24
633,73.42
634,16.93
635,22.85
636,89.87
637,20.45
638,87.14
639,29.8
640,80.86
641,1.86
642,12.25
643,99.24
644,69.62
645,26.91
646,10.03
647,13.33
648,30.74
649,4.25
650,67.14
651,66.58
652,17.46
653,63.68
654,57.97
655,61.0
656,3.06
657,34.32
658,68.52
659,59.16
660,69.31
661,30.78
662,16.42
663,6.5
664,74.19
665,66.75
666,56.07
667,61.42
668,32.83
669,89.44
670,86.85
671,37.79
672,62.36
673,12.15
674,71.08
675,46.31
676,88.7
677,67.58
678,52.64
679,1.24
680,0.25
681,75.51
682,39.74
683,22.54
684,34.68
685,14.71
686,24.52
687,21.22
688,30.69
689,6.12
690,97.55
691,33.23
692,18.11
693,43.71
694,82.98
695,78.67
696,65.84
697,70.71
698,1.1
699,47.1
700,4.36
701,2.29
702,80.73
703,10.04
704,49.26
705,37.68
706,51.01
707,10.86
708,87.71
709,30.42
710,49.45
711,51.49
712,24.0
713,17.1
714,18.58
715,31.34
716,99.96
717,60.36
718,29.57
719,28.59
720,48.61
721,33.57
722,96.43
723,29.51
724,45.63
725,99.96
726,22.66
727,40.88
728,83.18
729,25.99
730,60.66
731,53.73
732,2.53
733,29.58
734,48.63
735,81.74
736,50.45
737,30.17
738,70.43
739,41.17
740,34.16
741,47.53
742,93.01
743,81.11
744,90.43
745,80.47
746,79.74
747,87.23
748,22.04
749,37.18
750,35.71
751,52.89
752,37.79
753,0.49
754,39.81
755,87.62
756,28.4
757,48.0
758,53.11
759,17.57
760,35.0
761,5.88
762,92.64
763,89.71
764,26.12
765,92.91
766,70.98
767,63.07
768,81.39
769,90.21
770,2.94
771,49.92
772,75.22
773,53.34
774,40.26
775,69.75
776,77.69
777,65.2
778,3.22
779,10.31
780,49.35
781,27.61
782,73.57
783,0.23
784,39.31
785,29.23
786,56.17
787,48.28
788,4.2
789,60.96
790,20.5
791,1.91
792,76.36
793,56.94
794,16.98
795,79.71
796,1.65
797,98.58
798,92.64
799,59.23
800,49.51
801,39.38
802,18.47
803,31.72
804,68.64
805,50.14
806,82.4
807,73.41
808,42.23
809,54.75
810,50.06
811,20.78
812,62.85
813,47.35
814,93.74
815,89.98
816,25.95
817,36.77
818,21.12
819,0.17
820,98.45
821,70.22
822,1.01
823,72.92
824,36.7
825,52.58
826,40.06
827,73.54
828,78.64
829,81.61
830,1.98
831,22.2
832,43.53
833,33.02
834,58.78
835,34.97
836,78.94
837,25.6
838,54.05
839,88.32
840,97.82
841,81.16
842,75.88
843,90.26
844,86.62
845,91.53
846,65.67
847,22.02
848,15.11
849,32.66
850,68.98
851,22.1
852,70.04
853,2.72
854,78.94
855,65.54
856,17.75
857,71.84
858,84.93
859,49.02
860,38.65
861,45.56
862,42.51
863,54.7
864,55.04
865,34.92
866,63.75
867,59.56
868,57.69
869,64.96
870,89.53
871,70.92
872,38.72
873,56.81
874,47.24
875,41.36
876,50.42
877,60.02
878,70.25
879,69.62
880,27.74
881,16.94
882,35.94
883,54.4
884,52.88
885,47.92
886,1.72
887,87.65
888,59.53
889,93.35
890,96.72
891,4.27
892,61.85
893,22.54
894,79.96
895,59.76
896,87.42
897,98.97
898,56.07
899,19.99
900,25.1
901,62.02
902,69.61
903,22.09
904,57.83
905,95.49
906,23.18
907,66.47
908,38.54
909,1.12
910,31.36
911,43.03
912,40.11
913,47.47
914,85.45
915,32.82
916,19.08
917,32.23
918,54.27
919,76.97
920,68.03
921,17.98
922,15.21
923,11.01
924,11.87
925,50.8
926,83.21
927,48.77
928,88.83
929,84.94
930,48.9
931,23.47
932,46.73
933,50.37
934,77.92
935,15.73
936,15.33
937,86.32
938,19.41
939,1.76
940,88.57
941,39.43
942,44.82
943,63.05
944,54.76
945,62.7
946,72.69
947,17.37
948,97.44
949,52.82
950,33.36
951,82.18
952,37.47
953,28.5
954,10.8
955,59.74
956,37.52
957,5.55
958,86.82
959,60.35
960,29.97
961,82.27
962,94.95
963,16.64
964,47.61
965,2.02
966,34.0
967,61.77
968,32.58
969,43.33
970,25.84
971,92.1
972,64.74
973,95.33
974,21.57
975,16.26
976,65.01
977,22.01
978,22.3
979,53.67
980,92.65
981,53.86
982,98.65
983,29.92
984,71.49
985,27.13
986,67.44
987,15.76
988,88.45
989,22.13
990,59.72
991,99.9
992,0.65
993,97.24
994,49.77
995,10.6
996,12.25
997,53.86
998,11.65
999,58.31
1000,12.86
1001,53.95
1002,24.91
1003,78.14
1004,35.21
1005,16.51
1006,92.6
1007,75.68
1008,61.59
1009,63.3
1010,14.24
1011,29.19
1012,92.36
1013,23.21
1014,27.73
1015,74.0
1016,44.88
1017,9.23
1018,44.82
1019,84.77
1020,32.44
1021,69.25
1022,93.61
1023,13.2
1024,21.22
1025,4.29
1026,24.94
1027,85.9
1028,85.24
1029,92.74
1030,99.13
1031,29.0
1032,4.82
1033,66.34
1034,17.7
1035,5.63
1036,69.11
1037,12.86
1038,30.84
1039,69.14
1040,84.68
1041,71.89
1042,1.03
1043,99.24
1044,74.19
1045,69.72
1046,7.55
1047,47.81
1048,69.2
1049,25.09
1050,69.35
1051,41.08
1052,78.21
1053,44.84
1054,85.35
1055,28.32
1056,97.68
1057,33.23
1058,1.89
1059,81.02
1060,29.49
1061,45.06
1062,59.76
1063,36.4
1064,1.58
1065,55.22
1066,84.12
1067,76.4
1068,56.29
1069,96.25
1070,6.24
1071,62.13
1072,52.54
1073,42.19
1074,43.06
1075,21.95
1076,72.91
1077,18.19
1078,11.51
1079,68.37
1080,18.81
1081,5.18
1082,87.1
1083,5.52
1084,13.98
1085,17.48
1086,31.08
1087,41.13
1088,38.06
1089,42.26
1090,36.46
1091,99.48
1092,79.7
1093,37.64
1094,65.54
1095,36.1
1096,86.83
1097,57.94
1098,24.34
1099,25.57
1100,66.51
1101,81.91
1102,39.57
1103,29.94
1104,63.27
1105,7.58
1106,92.39
1107,82.37
1108,99.1
1109,47.92
1110,44.95
1111,31.05
1112,69.91
1113,84.44
1114,91.13
1115,59.25
1116,7.57
1117,82.62
1118,70.33
1119,29.74
1120,30.1
1121,97.71
1122,82.46
1123,28.78
1124,20.13
1125,2.13
1126,15.49
1127,70.25
1128,31.7
1129,0.55
1130,44.9
1131,65.06
1132,56.94
1133,67.53
1134,73.85
1135,37.31
1136,80.79
1137,71.9
1138,13.87
1139,77.13
1140,91.81
1141,67.36
1142,5.92
1143,68.45
1144,18.66
1145,33.57
1146,18.22
1147,47.55
1148,75.18
1149,59.8
1150,3.08
1151,75.8
1152,59.41
1153,11.54
1154,36.1
1155,66.38
1156,57.59
1157,89.94
1158,1.57
1159,72.63
1160,42.15
1161,82.54
1162,27.92
1163,98.45
1164,18.81
1165,32.49
1166,61.81
1167,48.15
1168,39.4
1169,84.7
1170,11.86
1171,5.54
1172,94.9
1173,65.21
1174,64.04
1175,15.66
1176,17.31
1177,60.77
1178,53.21
1179,63.36
1180,9.33
1181,6.0
1182,12.6
1183,74.89
1184,91.22
1185,57.55
1186,8.76
1187,67.02
1188,50.07
1189,1.46
1190,56.64
1191,91.18
1192,95.06
1193,96.68
1194,36.27
1195,75.55
1196,20.72
1197,80.15
1198,32.16
1199,66.48
1200,98.02
1201,20.02
1202,44.69
1203,76.73
1204,66.26
1205,6.18
1206,0.78
1207,22.68
1208,27.41
1209,19.58
1210,62.39
1211,42.62
1212,70.99
1213,9.09
1214,88.96
1215,62.07
1216,8.51
1217,66.26
1218,72.51
1219,88.83
1220,7.43
1221,43.03
1222,99.32
1223,94.71
1224,69.31
1225,27.75
1226,55.02
1227,40.54
1228,6.69
1229,72.53
1230,36.27
1231,53.39
1232,3.28
1233,27.17
1234,17.94
1235,40.96
1236,68.09
1237,74.48
1238,18.29
1239,22.32
1240,38.33
1241,43.77
1242,92.52
1243,86.67
1244,25.43
1245,70.83
1246,98.99
1247,74.65
1248,84.14
1249,1.35
1250,75.0
1251,80.24
1252,85.07
1253,1.64
1254,64.39
1255,17.25
1256,41.71
1257,26.61
1258,21.3
1259,54.52
1260,69.05
1261,99.75
1262,83.79
1263,53.69
1264,60.71
1265,22.84
1266,82.35
1267,58.97
1268,76.95
1269,79.81
1270,42.64
1271,13.25
1272,36.32
1273,56.38
1274,18.23
1275,41.79
1276,52.61
1277,55.56
1278,87.74
1279,49.56
1280,62.18
1281,16.3
1282,84.1
1283,61.95
1284,84.54
1285,43.14
1286,72.78
1287,0.78
1288,91.03
1289,53.94
1290,50.57
1291,98.38
1292,19.17
1293,62.25
1294,79.64
1295,25.89
1296,2.95
1297,95.12
1298,73.87
1299,9.39
1300,12.17
1301,42.35
1302,32.9
1303,86.13
1304,18.82
1305,96.34
1306,73.82
1307,33.14
1308,82.6
1309,60.8
1310,51.54
1311,48.31
1312,93.24
1313,74.62
1314,69.56
1315,10.42
1316,36.88
1317,93.45
1318,71.05
1319,6.21
1320,71.36
1321,94.91
1322,17.97
1323,68.39
1324,24.37
1325,20.91
1326,99.52
1327,11.79
1328,2.64
1329,27.68
1330,1.05
1331,12.91
1332,85.65
1333,10.71
1334,52.42
1335,83.18
1336,37.51
1337,9.37
1338,6.34
1339,60.14
1340,40.45
1341,57.39
1342,14.01
1343,10.53
1344,54.36
1345,50.35
1346,30.13
1347,26.9
1348,32.03
1349,22.16
1350,3.75
1351,29.89
1352,67.64
1353,88.09
1354,72.86
1355,91.43
1356,62.75
1357,59.34
1358,70.32
1359,81.13
1360,89.2
1361,76.36
1362,32.37
1363,61.26
1364,16.57
1365,6.35
1366,53.51
1367,28.06
1368,41.26
1369,33.65
1370,56.33
1371,26.88
1372,77.54
1373,25.57
1374,26.54
1375,61.49
1376,86.93
1377,21.89
1378,54.51
1379,36.81
1380,69.8
1381,25.66
1382,3.78
1383,48.48
1384,45.6
1385,23.58
1386,94.42
1387,28.83
1388,8.72
1389,56.36
1390,41.23
1391,52.0
1392,23.63
1393,86.18
1394,87.23
1395,64.11
1396,44.2
1397,11.28
1398,1.21
1399,66.7
1400,87.8
1401,99.36
1402,91.08
1403,35.28
1404,16.68
1405,19.87
1406,11.47
1407,63.36
1408,46.35
1409,11.91
1410,24.64
1411,28.75
1412,64.91
1413,4.08
1414,66.8
1415,50.78
1416,88.57
1417,25.7
1418,32.13
1419,62.42
1420,65.02
1421,94.08
1422,31.02
1423,65.59
1424,34.12
1425,95.02
1426,5.59
1427,34.03
1428,85.61
1429,88.85
1430,96.08
1431,89.32
1432,9.64
1433,38.92
1434,81.93
1435,62.92
1436,44.36
1437,25.44
1438,25.49
1439,75.72
1440,77.85
1441,0.43
1442,89.73
1443,41.78
1444,15.26
1445,53.21
1446,7.81
1447,8.97
1448,65.19
1449,60.55
1450,66.87
1451,65.68
1452,75.21
1453,91.68
1454,28.28
1455,95.52
1456,2.81
1457,90.82
1458,16.63
1459,21.55
1460,5.0
1461,56.8
1462,80.09
1463,49.79
1464,72.6
1465,83.84
1466,82.01
1467,73.21
1468,17.46
1469,89.86
1470,0.52
1471,91.43
1472,34.25
1473,51.39
1474,41.5
1475,95.83
1476,83.69
1477,42.29
1478,90.47
1479,97.84
1480,24.78
1481,57.53
1482,73.44
1483,16.4
1484,45.72
1485,43.56
1486,75.68
1487,87.52
1488,60.97
1489,58.86
1490,72.43
1491,86.81
1492,45.95
1493,4.14
1494,65.98
1495,88.44
1496,12.51
1497,78.38
1498,18.81
1499,84.47
1500,57.03
1501,9.77
1502,31.29
1503,47.49
1504,99.97
1505,13.35
1506,7.25
1507,66.72
1508,50.31
1509,97.94
1510,99.7
1511,12.61
1512,73.38
1513,46.95
1514,5.79
1515,26.88
1516,90.89
1517,68.02
1518,14.59
1519,9.5
1520,54.78
1521,36.8
1522,75.36
1523,93.01
1524,17.55
1525,93.59
1526,20.16
1527,49.59
1528,20.96
1529,10.31
1530,65.26
1531,89.09
1532,67.86
1533,52.01
1534,90.29
1535,81.04
1536,5.19
1537,46.58
1538,31.41
1539,3.59
1540,57.65
1541,59.2
1542,75.22
1543,20.63
1544,81.43
1545,71.61
1546,64.09
1547,35.49
1548,12.71
1549,20.88
1550,64.03
1551,97.48
1552,34.25
1553,71.76
1554,31.49
1555,94.52
1556,11.65
1557,55.38
1558,31.35
1559,33.79
1560,58.04
1561,17.85
1562,43.51
1563,34.85
1564,27.86
1565,27.52
1566,22.91
1567,84.89
1568,8.27
1569,13.79
1570,51.02
1571,58.9
1572,93.24
1573,33.48
1574,5.9
1575,42.81
1576,9.04
1577,37.53
1578,40.02
1579,2.59
1580,80.79
1581,3.4
1582,22.95
1583,1.07
1584,78.28
1585,61.07
1586,33.32
1587,23.43
1588,70.33
1589,68.83
1590,4.62
1591,34.44
1592,46.43
1593,8.65
1594,71.73
1595,40.76
1596,75.89
1597,27.87
1598,52.57
1599,63.72
1600,56.38
1601,78.26
1602,13.12
1603,49.72
1604,77.08
1605,12.7
1606,93.05
1607,76.74
1608,35.45
1609,46.59
1610,36.94
1611,6.05
1612,67.3
1613,8.35
1614,71.06
1615,53.03
1616,20.27
1617,41.83
1618,57.69
1619,85.4
1620,56.0
1621,37.89
1622,47.73
1623,52.29
1624,77.48
1625,1.2
1626,67.66
1627,9.08
1628,52.48
1629,60.47
1630,99.61
1631,25.95
1632,88.43
1633,24.91
1634,1.63
1635,65.68
1636,8.14
1637,41.11
1638,95.01
1639,0.36
1640,36.54
1641,89.21
1642,44.45
1643,57.82
1644,59.96
1645,22.39
1646,44.4
1647,28.81
1648,52.43
1649,27.19
1650,28.32
1651,54.0
1652,7.18
1653,86.18
1654,15.36
1655,67.93
1656,52.58
1657,39.67
1658,17.55
1659,29.82
1660,46.5
1661,79.58
1662,97.74
1663,51.77
1664,35.55
1665,93.2
1666,71.63
1667,33.9
1668,95.87
1669,76.44
1670,37.93
1671,74.39
1672,26.74
1673,66.46
1674,75.69
1675,97.45
1676,36.94
1677,51.85
1678,96.22
1679,59.69
1680,68.26
1681,1.41
1682,83.93
1683,0.73
1684,85.65
1685,80.9
1686,10.88
1687,10.07
1688,83.86
1689,61.38
1690,83.9
1691,96.29
1692,4.76
1693,1.62
1694,37.96
1695,35.19
1696,3.87
1697,34.38
1698,40.19
1699,97.58
1700,37.42
1701,98.4
1702,54.74
1703,85.53
1704,15.44
1705,69.35
1706,95.16
1707,57.74
1708,41.43
1709,51.6
1710,93.82
1711,20.33
1712,44.73
1713,7.07
1714,5.35
1715,58.36
1716,95.45
1717,8.75
1718,55.85
1719,5.61
1720,38.24
1721,53.48
1722,75.67
1723,14.29
1724,15.51
1725,51.11
1726,63.77
1727,96.32
1728,37.08
1729,30.88
1730,32.85
1731,99.95
1732,64.19
1733,55.21
1734,3.58
1735,84.36
1736,50.66
1737,39.19
1738,89.23
1739,12.23
1740,86.64
1741,67.43
1742,62.89
1743,78.06
1744,34.56
1745,25.22
1746,33.52
1747,53.61
1748,5.55
1749,25.3
1750,56.2
1751,74.05
1752,42.65
1753,84.59
1754,24.89
1755,81.7
1756,49.97
1757,27.34
1758,21.13
1759,75.96
1760,63.06
1761,16.56
1762,32.31
1763,18.93
1764,65.2
1765,69.18
1766,77.49
1767,36.5
1768,4.0
1769,94.09
1770,85.38
1771,8.9
1772,7.28
1773,57.37
1774,91.47
1775,69.81
1776,70.63
1777,93.96
1778,37.16
1779,0.37
1780,20.84
1781,65.06
1782,25.63
1783,41.05
1784,56.71
1785,26.39
1786,74.74
1787,18.9
1788,6.15
1789,55.04
1790,26.3
1791,91.0
1792,58.95
1793,91.95
1794,24.03
1795,96.27
1796,8.09
1797,45.77
1798,11.28
1799,48.31
1800,53.98
1801,47.26
1802,6.09
1803,27.27
1804,8.23
1805,91.89
1806,69.27
1807,38.81
1808,28.23
1809,52.97
1810,61.32
1811,14.07
1812,58.37
1813,37.08
1814,11.08
1815,58.65
1816,73.42
1817,43.52
1818,63.18
1819,57.48
1820,72.51
1821,91.74
1822,98.21
1823,82.01
1824,33.9
1825,0.03
1826,55.7
1827,78.23
1828,72.4
1829,86.5
1830,47.4
1831,52.04
1832,46.47
1833,17.02
1834,90.34
1835,51.8
1836,61.79
1837,37.84
1838,23.23
1839,5.99
1840,61.66
1841,13.32
1842,20.16
1843,90.79
1844,24.52
1845,18.57
1846,23.56
1847,36.04
1848,51.41
1849,95.18
1850,91.09
1851,3.78
1852,3.19
1853,1.72
1854,35.79
1855,57.85
1856,25.86
1857,31.43
1858,55.07
1859,92.5
1860,51.37
1861,82.1
1862,84.05
1863,99.92
1864,3.34
1865,53.14
1866,3.96
1867,62.58
1868,29.62
1869,8.84
1870,13.37
1871,60.2
1872,61.88
1873,71.49
1874,78.01
1875,54.75
1876,38.17
1877,54.68
1878,54.93
1879,62.18
1880,54.32
1881,90.87
1882,83.72
1883,93.77
1884,31.3
1885,61.99
1886,12.52
1887,65.14
1888,83.67
1889,44.07
1890,38.43
1891,6.88
1892,2.58
1893,74.07
1894,60.82
1895,32.9
1896,62.18
1897,67.88
1898,87.8
1899,28.54
1900,7.56
1901,8.58
1902,28.67
1903,73.3
1904,73.07
1905,75.27
1906,53.38
1907,4.09
1908,19.74
1909,42.8
1910,49.42
1911,15.53
1912,4.65
1913,94.28
1914,50.43
1915,98.84
1916,40.64
1917,13.7
1918,66.22
1919,76.46
1920,67.65
1921,51.94
1922,17.21
1923,32.2
1924,59.8
1925,24.66
1926,52.36
1927,58.94
1928,92.69
1929,10.65
1930,38.37
1931,41.82
1932,23.17
1933,42.86
1934,62.14
1935,6.58
1936,50.54
1937,89.26
1938,29.2
1939,34.19
1940,87.69
1941,47.81
1942,37.06
1943,68.72
1944,62.87
1945,63.18
1946,64.07
1947,45.68
1948,24.57
1949,85.45
1950,42.68
1951,68.64
1952,50.64
1953,34.35
1954,74.27
1955,37.06
1956,38.56
1957,66.15
1958,1.27
1959,52.79
1960,28.12
1961,15.53
1962,85.35
1963,44.56
1964,47.12
1965,63.92
1966,78.06
1967,79.89
1968,20.86
1969,0.08
1970,85.5
1971,68.18
1972,86.62
1973,68.22
1974,21.7
1975,1.29
1976,76.37
1977,53.56
1978,9.31
1979,0.78
1980,55.27
1981,84.02
1982,52.78
1983,44.94
1984,46.07
1985,8.93
1986,49.38
1987,40.51
1988,5.37
1989,97.59
1990,89.22
1991,89.45
1992,1.42
1993,90.65
1994,8.09
1995,57.2
1996,82.02
1997,46.19
1998,67.94
1999,11.47
2000,6.91
2001,94.25
2002,87.22
2003,74.66
2004,6.68
2005,71.22
2006,40.93
2007,12.44
2008,67.38
2009,51.99
2010,22.08
2011,63.57
2012,82.6
2013,67.19
2014,11.08
2015,90.92
2016,60.58
2017,75.75
2018,66.5
2019,52.9
2020,72.32
2021,44.17
2022,4.84
2023,8.25
2024,87.03
2025,57.52
2026,75.49
2027,77.15
2028,31.15
2029,60.43
2030,55.16
2031,90.85
2032,78.94
2033,29.21
2034,38.86
2035,83.03
2036,66.88
2037,78.26
2038,15.3
2039,14.64
2040,15.6
2041,60.06
2042,48.86
2043,68.63
2044,54.22
2045,59.96
2046,66.59
2047,62.14
2048,81.18
2049,88.67
2050,0.65
2051,72.1
2052,61.1
2053,1.06
2054,96.89
2055,87.82
2056,59.13
2057,20.19
2058,32.17
2059,44.18
2060,15.27
2061,17.35
2062,69.14
2063,96.49
2064,51.14
2065,92.84
2066,40.95
2067,26.99
2068,97.74
2069,50.96
2070,73.65
2071,0.05
2072,87.53
2073,1.18
2074,83.91
2075,83.32
2076,27.63
2077,18.15
2078,89.73
2079,28.75
2080,62.69
2081,73.32
2082,62.78
2083,41.71
2084,93.04
2085,50.48
2086,82.25
2087,54.27
2088,31.62
2089,8.25
2090,1.76
2091,2.95
2092,20.14
2093,53.76
2094,58.12
2095,33.92
2096,66.07
2097,46.55
2098,6.9
2099,69.34
2100,65.09
2101,32.35
2102,40.61
2103,3.81
2104,23.84
2105,92.73
2106,31.85
2107,93.12
2108,12.08
2109,63.89
2110,17.06
2111,25.88
2112,44.74
2113,65.14
2114,99.69
2115,18.63
2116,10.47
2117,65.88
2118,62.41
2119,22.65
2120,80.12
2121,45.77
2122,43.54
2123,32.25
2124,83.6
2125,40.56
2126,3.38
2127,44.71
2128,57.9
2129,6.79
2130,67.79
2131,93.29
2132,31.92
2133,45.85
2134,82.13
2135,63.38
2136,33.85
2137,91.97
2138,14.03
2139,16.76
2140,76.55
2141,72.24
2142,51.59
2143,4.03
2144,44.81
2145,87.09
2146,50.27
2147,47.58
2148,10.97
2149,78.76
2150,44.81
2151,66.89
2152,79.17
2153,81.32
2154,64.76
2155,89.38
2156,99.52
2157,11.61
2158,38.65
2159,62.95
2160,36.89
2161,27.32
2162,77.49
2163,0.16
2164,13.77
2165,18.77
2166,91.64
2167,58.89
2168,0.34
2169,82.45
2170,7.57
2171,1.04
2172,25.51
2173,25.92
2174,43.12
2175,41.32
2176,83.01
2177,16.31
2178,63.4
2179,52.92
2180,15.75
2181,80.07
2182,1.56
2183,1.86
2184,24.79
2185,1.18
2186,1.87
2187,58.16
2188,75.79
2189,17.06
2190,32.23
2191,95.8
2192,79.86
2193,59.04
2194,61.35
2195,47.0
2196,45.06
2197,23.33
2198,83.01
2199,83.8
2200,97.59
2201,18.29
2202,21.46
2203,82.85
2204,79.63
2205,27.94
2206,47.83
2207,87.31
2208,68.84
2209,42.49
2210,37.93
2211,84.21
2212,20.84
2213,0.06
2214,4.56
2215,48.15
2216,18.22
2217,9.23
2218,81.78
2219,68.29
2220,72.4
2221,11.86
2222,39.25
2223,60.31
2224,29.25
2225,59.94
2226,6.65
2227,81.17
2228,17.24
2229,38.87
2230,41.22
2231,44.36
2232,71.43
2233,88.71
2234,53.02
2235,94.5
2236,52.7
2237,46.7
2238,1.73
2239,56.92
2240,30.42
2241,15.41
2242,16.97
2243,43.01
2244,0.0
2245,29.13
2246,63.89
2247,98.33
2248,25.3
2249,29.16
2250,41.17
2251,42.43
2252,87.95
2253,37.2
2254,87.82
2255,17.73
2256,43.61
2257,45.08
2258,2.26
2259,76.21
2260,28.44
2261,40.13
2262,9.68
2263,51.53
2264,75.18
2265,1.68
2266,69.4
2267,55.23
2268,49.41
2269,31.77
2270,32.06
2271,33.56
2272,96.45
2273,20.84
2274,94.97
2275,74.36
2276,50.11
2277,95.66
2278,58.75
2279,12.17
2280,1.06
2281,76.42
2282,50.65
2283,34.4
2284,98.79
2285,69.46
2286,7.36
2287,87.73
2288,47.11
2289,12.33
2290,66.16
2291,16.76
2292,13.1
2293,30.41
2294,70.72
2295,34.1
2296,23.58
2297,87.19
2298,73.22
2299,50.38
2300,23.81
2301,9.6
2302,32.02
2303,98.89
2304,77.31
2305,21.0
2306,40.1
2307,75.55
2308,65.95
2309,72.18
2310,52.27
2311,37.66
2312,83.77
2313,73.43
2314,62.15
2315,60.86
2316,41.24
2317,39.21
2318,99.94
2319,5.1
2320,84.16
2321,34.11
2322,5.3
2323,5.39
2324,68.16
2325,20.16
2326,76.34
2327,26.67
2328,72.73
2329,76.88
2330,10.33
2331,78.49
2332,9.27
2333,42.67
2334,44.98
2335,41.58
2336,28.56
2337,12.71
2338,48.1
2339,30.85
2340,25.39
2341,52.48
2342,29.7
2343,77.2
2344,60.94
2345,22.88
2346,36.37
2347,20.49
2348,73.33
2349,50.04
2350,64.14
2351,69.95
2352,27.27
2353,22.85
2354,71.15
2355,80.86
2356,7.43
2357,4.58
2358,60.68
2359,65.47
2360,76.12
2361,95.79
2362,19.75
2363,44.12
2364,28.39
2365,32.55
2366,56.01
2367,79.64
2368,40.63
2369,77.96
2370,2.79
2371,72.63
2372,78.46
2373,18.61
2374,12.57
2375,36.91
2376,45.42
2377,14.67
2378,31.66
2379,3.09
2380,60.15
2381,17.95
2382,52.4
2383,27.0
2384,53.79
2385,54.48
2386,60.7
2387,17.44
2388,63.57
2389,11.01
2390,63.23
2391,99.2
2392,86.61
2393,78.2
2394,57.8
2395,91.17
2396,73.99
2397,88.8
2398,89.37
2399,98.55
2400,55.4
2401,62.07
2402,51.76
2403,0.66
2404,23.96
2405,59.75
2406,11.11
2407,92.5
2408,84.83
2409,79.7
2410,79.41
2411,99.85
2412,90.31
2413,57.72
2414,65.49
2415,55.71
2416,43.59
2417,23.28
2418,79.08
2419,61.85
2420,21.42
2421,43.09
2422,80.19
2423,31.3
2424,67.99
2425,69.35
2426,84.73
2427,57.36
2428,56.74
2429,65.45
2430,58.23
2431,88.9
2432,92.26
2433,8.11
2434,31.48
2435,90.15
2436,24.92
2437,80.26
2438,19.36
2439,98.77
2440,60.76
2441,25.36
2442,89.4
2443,47.27
2444,85.39
2445,4.36
2446,21.26
2447,94.1
2448,6.92
2449,63.53
2450,7.83
2451,88.04
2452,98.35
2453,89.59
2454,58.25
2455,14.05
2456,57.42
2457,13.28
2458,79.73
2459,98.92
2460,70.36
2461,26.61
2462,15.68
2463,5.07
2464,62.01
2465,92.99
2466,41.47
2467,21.3
2468,88.56
2469,18.43
2470,6.04
2471,77.03
2472,40.43
2473,45.84
2474,92.86
2475,75.73
2476,91.75
2477,1.71
2478,54.82
2479,70.14
2480,41.51
2481,86.74
2482,62.83
2483,90.22
2484,27.03
2485,68.52
2486,84.86
2487,32.81
2488,63.9
2489,19.15
2490,37.99
2491,62.59
2492,45.95
2493,19.01
2494,88.39
2495,42.93
2496,76.03
2497,56.36
2498,26.32
2499,70.13
2500,73.75
2501,70.16
2502,48.05
2503,75.87
2504,10.32
2505,63.55
2506,23.54
2507,32.62
2508,30.54
2509,65.9
2510,91.44
2511,1.74
2512,41.32
2513,36.29
2514,69.74
2515,33.56
2516,67.37
2517,0.47
2518,73.66
2519,16.52
2520,97.47
2521,38.19
2522,75.06
2523,17.65
2524,48.03
2525,61.48
2526,32.09
2527,34.53
2528,38.88
2529,42.62
2530,12.24
2531,58.2
2532,83.28
2533,98.61
2534,72.74
2535,6.12
2536,0.67
2537,90.57
2538,50.21
2539,24.74
2540,54.61
2541,85.22
2542,39.15
2543,22.76
2544,70.62
2545,10.2
2546,12.52
2547,26.26
2548,98.55
2549,64.25
2550,7.26
2551,64.76
2552,21.97
2553,17.73
2554,83.21
2555,6.68
2556,14.66
2557,74.09
2558,9.92
2559,2.74
2560,55.63
2561,23.02
2562,47.24
2563,15.8
2564,12.19
2565,92.47
2566,51.71
2567,84.12
2568,45.79
2569,0.56
2570,87.88
2571,69.99
2572,6.17
2573,6.28
2574,98.65
2575,70.93
2576,0.58
2577,91.42
2578,38.87
2579,56.63
2580,62.85
2581,83.5
2582,57.41
2583,54.19
2584,2.61
2585,66.07
2586,15.34
2587,38.11
2588,98.05
2589,21.75
2590,0.12
2591,72.36
2592,8.59
2593,73.98
2594,57.52
2595,21.49
2596,38.06
2597,52.9
2598,91.87
2599,99.35
2600,60.59
2601,29.7
2602,69.74
2603,53.77
2604,11.47
2605,1.77
2606,66.96
2607,97.67
2608,25.34
2609,53.89
2610,1.88
2611,25.58
2612,26.55
2613,95.19
2614,31.51
2615,14.08
2616,95.19
2617,58.85
2618,52.08
2619,0.97
2620,9.42
2621,50.17
2622,46.27
2623,31.0
2624,2.33
2625,24.4
2626,41.54
2627,77.59
2628,16.37
2629,18.26
2630,55.43
2631,93.65
2632,51.97
2633,38.54
2634,87.62
2635,85.65
2636,56.03
2637,31.23
2638,81.95
2639,67.02
2640,79.0
2641,6.9
2642,54.15
2643,92.23
2644,51.46
2645,32.84
2646,71.41
2647,72.3
2648,16.68
2649,39.15
2650,86.81
2651,49.9
2652,38.27
2653,43.86
2654,34.18
2655,99.52
2656,71.1
2657,65.21
2658,11.15
2659,99.12
2660,66.76
2661,24.86
2662,63.69
2663,57.82
2664,24.76
2665,69.17
2666,81.76
2667,92.51
2668,40.51
2669,73.85
2670,1.33
2671,57.88
2672,80.3
2673,79.23
2674,61.57
2675,76.45
2676,32.93
2677,24.92
2678,18.88
2679,3.28
2680,56.11
2681,22.46
2682,39.47
2683,27.06
2684,74.9
2685,32.72
2686,96.67
2687,27.1
2688,51.77
2689,11.87
2690,27.87
2691,21.63
2692,58.51
2693,90.94
2694,51.98
2695,4.57
2696,10.58
2697,57.9
2698,28.41
2699,98.38
2700,80.35
2701,85.73
2702,12.01
2703,98.45
2704,91.47
2705,85.83
2706,90.24
2707,63.14
2708,89.67
2709,66.27
2710,70.89
2711,92.28
2712,7.18
2713,4.8
2714,70.9
2715,3.47
2716,18.89
2717,42.97
2718,63.93
2719,90.06
2720,27.72
2721,21.42
2722,35.82
2723,9.9
2724,18.22
2725,7.86
2726,26.3
2727,39.01
2728,96.18
2729,77.73
2730,73.81
2731,46.78
2732,72.42
2733,53.41
2734,0.22
2735,35.6
2736,52.07
2737,19.89
2738,12.47
2739,19.51
2740,66.99
2741,74.96
2742,18.03
2743,57.64
2744,97.55
2745,40.88
2746,91.18
2747,67.86
2748,5.61
2749,10.52
2750,75.17
2751,66.06
2752,58.94
2753,34.36
2754,88.33
2755,81.78
2756,75.05
2757,89.85
2758,29.5
2759,91.65
2760,98.48
2761,93.34
2762,40.7
2763,68.55
2764,17.85
2765,63.01
2766,6.09
2767,44.26
2768,30.65
2769,4.68
2770,93.9
2771,36.7
2772,90.0
2773,46.6
2774,38.38
2775,17.21
2776,39.74
2777,47.85
2778,64.27
2779,44.64
2780,16.87
2781,4.4
2782,81.07
2783,80.29
2784,88.28
2785,53.02
2786,51.98
2787,67.23
2788,49.18
2789,70.41
2790,40.47
2791,30.91
2792,11.28
2793,99.82
2794,66.4
2795,4.78
2796,70.53
2797,34.89
2798,64.38
2799,36.13
2800,34.26
2801,23.0
2802,69.24
2803,6.55
2804,10.85
2805,45.45
2806,77.45
2807,22.37
2808,5.39
2809,41.87
2810,75.58
2811,22.26
2812,8.68
2813,19.38
2814,77.61
2815,43.43
2816,69.01
2817,78.94
2818,59.69
2819,28.48
2820,66.64
2821,6.17
2822,54.42
2823,34.05
2824,28.77
2825,30.15
2826,56.53
2827,42.9
2828,13.5
2829,92.41
2830,90.11
2831,9.45
2832,27.79
2833,38.57
2834,58.13
2835,5.4
2836,73.66
2837,89.67
2838,6.23
2839,14.85
2840,76.09
2841,96.53
2842,62.92
2843,59.3
2844,81.65
2845,39.66
2846,11.43
2847,99.52
2848,48.89
2849,79.3
2850,40.92
2851,27.82
2852,94.93
2853,4.26
2854,65.34
2855,50.97
2856,17.82
2857,9.17
2858,45.23
2859,15.85
2860,98.3
2861,16.96
2862,8.97
2863,5.61
2864,43.83
2865,38.23
2866,2.7
2867,60.41
2868,86.56
2869,67.73
2870,42.57
2871,86.23
2872,86.81
2873,30.6
2874,18.17
2875,7.3
2876,9.92
2877,69.44
2878,59.31
2879,53.23
2880,21.53
2881,52.43
2882,40.08
2883,3.21
2884,33.08
2885,52.47
2886,10.26
2887,40.18
2888,48.0
2889,62.29
2890,76.75
2891,47.41
2892,33.63
2893,77.25
2894,88.47
2895,86.31
2896,27.35
2897,33.41
2898,96.22
2899,65.37
2900,84.72
2901,14.62
2902,33.83
2903,37.42
2904,46.84
2905,60.88
2906,31.64
2907,13.9
2908,87.44
2909,61.37
2910,82.97
2911,51.56
2912,75.86
2913,12.08
2914,51.41
2915,19.97
2916,72.35
2917,46.16
2918,0.66
2919,86.37
2920,83.29
2921,81.43
2922,85.4
2923,7.62
2924,21.67
2925,48.93
2926,29.24
2927,35.08
2928,51.28
2929,49.23
2930,32.4
2931,15.84
2932,19.44
2933,8.77
2934,56.78
2935,70.75
2936,8.76
2937,6.47
2938,68.18
2939,64.19
2940,66.11
2941,87.42
2942,21.2
2943,66.33
2944,79.46
2945,81.43
2946,60.65
2947,39.73
2948,33.95
2949,81.31
2950,19.6
2951,54.71
2952,65.19
2953,78.1
2954,91.51
2955,70.42
2956,72.34
2957,86.67
2958,94.48
2959,50.58
2960,26.87
2961,79.75
2962,8.24
2963,83.16
2964,72.61
2965,24.23
2966,8.75
2967,70.45
2968,40.99
2969,42.16
2970,12.46
2971,88.04
2972,11.71
2973,42.04
2974,17.34
2975,35.1
2976,86.54
2977,7.31
2978,26.41
2979,11.85
2980,93.25
2981,29.91
2982,72.31
2983,57.82
2984,59.11
2985,16.24
2986,67.14
2987,48.07
2988,25.95
2989,24.68
2990,64.71
2991,14.38
2992,56.2
2993,91.13
2994,78.95
2995,71.29
2996,72.38
2997,25.03
2998,17.29
2999,63.95
3000,89.97
3001,9.04
3002,67.48
3003,35.84
3004,56.62
3005,99.75
3006,8.84
3007,24.74
3008,73.34
3009,91.71
3010,66.77
3011,16.09
3012,86.32
3013,83.65
3014,29.2
3015,45.39
3016,13.16
3017,79.34
3018,20.51
3019,93.51
3020,30.81
3021,3.53
3022,35.74
3023,70.22
3024,58.15
3025,2.15
3026,22.53
3027,21.4
3028,58.26
3029,52.51
3030,74.93
3031,56.01
3032,41.83
3033,69.26
3034,63.72
3035,11.05
3036,82.25
3037,99.62
3038,91.03
3039,35.56
3040,11.21
3041,59.95
3042,83.65
3043,44.18
3044,66.21
3045,37.82
3046,89.5
3047,86.32
3048,29.64
3049,80.25
3050,7.18
3051,58.28
3052,1.05
3053,44.51
3054,6.79
3055,86.03
3056,54.61
3057,66.25
3058,11.91
3059,15.91
3060,53.16
3061,58.15
3062,99.4
3063,24.9
3064,91.95
3065,59.84
3066,34.1
3067,92.37
3068,83.1
3069,4.16
3070,66.16
3071,59.11
3072,42.34
3073,50.77
3074,2.1
3075,61.15
3076,94.37
3077,95.18
3078,2.21
3079,86.12
3080,11.04
3081,20.55
3082,64.63
3083,54.92
3084,8.81
3085,34.69
3086,55.83
3087,88.9
3088,46.38
3089,57.31
3090,85.51
3091,70.82
3092,90.94
3093,70.98
3094,59.91
3095,66.47
3096,88.12
3097,13.59
3098,89.3
3099,33.61
3100,57.61
3101,22.08
3102,85.69
3103,46.61
3104,56.68
3105,64.03
3106,29.67
3107,64.32
3108,59.56
3109,82.31
3110,37.0
3111,70.37
3112,85.58
3113,60.22
3114,89.61
3115,26.82
3116,48.28
3117,52.37
3118,33.95
3119,42.18
3120,84.26
3121,78.31
3122,52.47
3123,30.89
3124,51.42
3125,1.09
3126,49.77
3127,11.8
3128,34.86
3129,65.77
3130,23.65
3131,45.05
3132,84.55
3133,2.57
3134,38.08
3135,0.89
3136,36.18
3137,17.8
3138,81.18
3139,30.42
3140,19.33
3141,93.47
3142,58.33
3143,76.92
3144,11.2
3145,92.24
3146,71.59
3147,23.4
3148,78.95
3149,65.66
3150,87.24
3151,84.64
3152,36.68
3153,53.2
3154,91.89
3155,96.86
3156,4.9
3157,45.98
3158,18.32
3159,44.01
3160,82.84
3161,90.38
3162,58.07
3163,83.17
3164,56.5
3165,85.92
3166,33.67
3167,43.18
3168,6.51
3169,30.57
3170,10.3
3171,71.28
3172,7.21
3173,95.4
3174,21.63
3175,2.76
3176,45.31
3177,14.18
3178,19.46
3179,6.55
3180,93.84
3181,77.93
3182,54.26
3183,7.44
3184,86.77
3185,61.51
3186,45.01
3187,63.04
3188,44.26
3189,16.86
3190,68.41
3191,94.36
3192,61.17
3193,35.32
3194,26.27
3195,47.65
3196,34.41
3197,66.79
3198,71.3
3199,89.78
3200,39.75
3201,96.7
3202,6.18
3203,67.3
3204,69.68
3205,8.37
3206,48.56
3207,81.62
3208,13.87
3209,53.92
3210,75.57
3211,90.53
3212,0.87
3213,60.58
3214,27.11
3215,17.56
3216,32.42
3217,83.4
3218,98.1
3219,72.39
3220,29.45
3221,58.13
3222,75.27
3223,59.08
3224,66.39
3225,6.32
3226,87.01
3227,42.99
3228,1.21
3229,43.97
3230,27.68
3231,77.79
3232,60.71
3233,5.33
3234,36.84
3235,91.84
3236,73.84
3237,65.21
3238,97.02
3239,19.05
3240,32.94
3241,35.45
3242,44.83
3243,27.38
3244,3.87
3245,75.95
3246,90.71
3247,30.83
3248,67.77
3249,57.69
3250,8.19
3251,61.59
3252,65.79
3253,10.76
3254,31.99
3255,18.34
3256,20.68
3257,10.5
3258,45.06
3259,13.22
3260,34.32
3261,60.48
3262,88.35
3263,66.09
3264,39.65
3265,15.52
3266,34.63
3267,53.44
3268,83.25
3269,83.56
3270,8.85
3271,19.17
3272,85.19
3273,31.05
3274,57.8
3275,78.39
3276,56.28
3277,37.26
3278,28.07
3279,48.52
3280,15.21
3281,24.36
3282,35.49
3283,12.46
3284,60.93
3285,27.17
3286,72.03
3287,77.27
3288,36.32
3289,53.54
3290,77.86
3291,84.46
3292,15.8
3293,52.27
3294,25.23
3295,38.68
3296,1.87
3297,91.24
3298,55.19
3299,69.04
3300,11.31
3301,82.02
3302,29.14
3303,11.75
3304,45.75
3305,34.23
3306,4.35
3307,60.89
3308,52.53
3309,52.94
3310,23.4
3311,6.95
3312,73.68
3313,75.43
3314,70.73
3315,11.0
3316,15.34
3317,57.78
3318,54.98
3319,23.33
3320,23.57
3321,7.7
3322,7.17
3323,80.39
3324,85.21
3325,54.51
3326,32.25
3327,23.28
3328,76.42
3329,96.35
3330,2.88
3331,39.12
3332,71.06
3333,3.11
3334,94.22
3335,54.01
3336,83.81
3337,74.73
3338,44.31
3339,22.93
3340,70.07
3341,63.55
3342,21.39
3343,49.32
3344,26.41
3345,20.58
3346,34.52
3347,17.16
3348,73.67
3349,38.01
3350,29.77
3351,87.55
3352,93.97
3353,93.04
3354,66.99
3355,3.06
3356,88.83
3357,54.41
3358,38.28
3359,87.11
3360,79.01
3361,76.73
3362,93.34
3363,84.19
3364,91.3
3365,0.59
3366,18.19
3367,12.93
3368,9.74
3369,32.93
3370,47.0
3371,96.93
3372,58.79
3373,93.47
3374,44.4
3375,14.52
3376,6.21
3377,30.83
3378,7.58
3379,67.46
3380,62.44
3381,39.09
3382,26.84
3383,83.22
3384,91.31
3385,61.04
3386,76.45
3387,12.8
3388,27.82
3389,51.86
3390,54.66
3391,73.2
3392,86.79
3393,85.48
3394,75.55
3395,42.39
3396,31.32
3397,66.19
3398,61.73
3399,17.19
3400,34.35
3401,63.32
3402,62.48
3403,46.7
3404,32.81
3405,35.11
3406,8.16
3407,80.6
3408,2.77
3409,33.48
3410,35.03
3411,49.91
3412,54.02
3413,65.47
3414,57.52
3415,15.35
3416,88.57
3417,71.74
3418,32.59
3419,46.91
3420,86.48
3421,4.24
3422,87.43
3423,76.13
3424,88.38
3425,54.7
3426,54.92
3427,23.7
3428,41.73
3429,9.26
3430,77.94
3431,58.75
3432,20.34
3433,2.66
3434,96.21
3435,73.02
3436,59.74
3437,73.74
3438,20.28
3439,15.09
3440,68.04
3441,26.71
3442,21.88
3443,16.32
3444,54.24
3445,62.22
3446,43.62
3447,56.08
3448,31.58
3449,32.15
3450,69.11
3451,99.68
3452,76.56
3453,94.78
3454,7.24
3455,50.02
3456,79.52
3457,78.01
3458,78.01
3459,67.35
3460,13.82
3461,27.14
3462,39.54
3463,74.78
3464,66.77
3465,24.16
3466,44.55
3467,51.33
3468,16.03
3469,14.4
3470,97.07
3471,35.66
3472,73.11
3473,51.17
3474,1.75
3475,12.07
3476,88.98
3477,27.2
3478,50.32
3479,25.32
3480,39.05
3481,44.04
3482,75.79
3483,81.18
3484,41.29
3485,75.11
3486,11.84
3487,59.82
3488,58.25
3489,87.09
3490,81.42
3491,21.73
3492,86.19
3493,3.41
3494,37.78
3495,52.12
3496,49.34
3497,51.89
3498,38.21
3499,61.79
3500,97.35
3501,72.51
3502,91.91
3503,29.76
3504,1.79
3505,96.19
3506,90.03
3507,17.87
3508,65.24
3509,80.05
3510,86.83
3511,53.2
3512,61.73
3513,82.52
3514,82.14
3515,23.04
3516,20.12
3517,28.32
3518,17.01
3519,71.37
3520,32.35
3521,7.11
3522,72.62
3523,11.48
3524,65.41
3525,53.83
3526,87.74
3527,93.02
3528,26.47
3529,66.23
3530,39.05
3531,45.73
3532,36.24
3533,7.61
3534,66.0
3535,33.74
3536,99.23
3537,51.4
3538,74.46
3539,25.08
3540,67.83
3541,72.2
3542,75.68
3543,97.9
3544,67.44
3545,99.45
3546,79.36
3547,81.92
3548,54.53
3549,87.18
3550,8.43
3551,24.43
3552,9.24
3553,67.39
3554,26.44
3555,64.66
3556,36.47
3557,72.41
3558,21.41
3559,39.31
3560,35.06
3561,80.97
3562,17.94
3563,26.8
3564,29.1
3565,26.98
3566,44.01
3567,82.26
3568,7.92
3569,70.55
3570,74.95
3571,25.02
3572,91.52
3573,24.71
3574,97.55
3575,57.54
3576,47.9
3577,91.23
3578,27.95
3579,28.21
3580,10.64
3581,33.79
3582,74.81
3583,11.35
3584,82.95
3585,84.36
3586,6.43
3587,49.33
3588,14.63
3589,62.18
3590,21.34
3591,17.1
3592,78.89
3593,26.18
3594,66.81
3595,29.33
3596,31.8
3597,95.87
3598,39.03
3599,72.29
3600,80.39
3601,94.78
3602,49.83
3603,44.69
3604,35.41
3605,38.49
3606,81.86
3607,79.14
3608,14.82
3609,90.87
3610,63.75
3611,35.64
3612,74.13
3613,26.73
3614,47.76
3615,88.2
3616,73.37
3617,56.03
3618,82.84
3619,22.25
3620,41.94
3621,74.98
3622,93.54
3623,57.48
3624,6.14
3625,78.78
3626,5.15
3627,33.96
3628,48.35
3629,50.95
3630,73.7
3631,1.77
3632,53.8
3633,14.53
3634,79.41
3635,93.14
3636,70.27
3637,87.35
3638,40.34
3639,0.61
3640,95.96
3641,21.63
3642,79.47
3643,97.02
3644,1.37
3645,90.93
3646,65.71
3647,47.15
3648,61.85
3649,65.86
3650,10.77
3651,21.73
3652,41.08
3653,35.63
3654,11.39
3655,43.73
3656,64.42
3657,43.24
3658,73.42
3659,53.92
3660,87.35
3661,39.83
3662,31.14
3663,0.85
3664,36.66
3665,74.2
3666,97.49
3667,72.09
3668,33.16
3669,88.52
3670,85.25
3671,17.33
3672,43.29
3673,23.32
3674,79.97
3675,94.81
3676,88.54
3677,46.91
3678,80.84
3679,17.05
3680,98.7
3681,71.93
3682,62.37
3683,71.14
3684,37.67
3685,9.27
3686,45.21
3687,1.46
3688,53.78
3689,46.06
3690,60.31
3691,2.55
3692,4.25
3693,13.45
3694,29.28
3695,4.94
3696,81.97
3697,14.92
3698,47.24
3699,94.4
3700,0.6
3701,45.42
3702,33.62
3703,21.8
3704,14.96
3705,35.54
3706,9.9
3707,8.47
3708,84.52
3709,12.21
3710,79.55
3711,78.2
3712,13.11
3713,64.56
3714,13.39
3715,83.25
3716,83.43
3717,42.82
3718,68.95
3719,77.58
3720,31.95
3721,60.0
3722,83.93
3723,36.67
3724,44.3
3725,84.82
3726,69.38
3727,9.36
3728,31.81
3729,95.18
3730,77.62
3731,25.02
3732,42.33
3733,62.16
3734,18.84
3735,22.19
3736,48.8
3737,12.67
3738,94.54
3739,31.12
3740,92.89
3741,35.15
3742,12.41
3743,93.07
3744,10.79
3745,6.05
3746,4.2
3747,6.42
3748,29.92
3749,2.5
3750,61.3
3751,15.5
3752,99.51
3753,36.43
3754,51.09
3755,35.99
3756,63.48
3757,29.79
3758,99.27
3759,91.64
3760,90.12
3761,55.77
3762,46.17
3763,38.47
3764,54.73
3765,44.04
3766,6.01
3767,8.85
3768,20.92
3769,99.74
3770,66.96
3771,88.36
3772,95.09
3773,91.74
3774,97.32
3775,25.83
3776,26.95
3777,21.6
3778,48.78
3779,28.06
3780,2.16
3781,46.3
3782,0.39
3783,98.9
3784,63.23
3785,12.55
3786,78.14
3787,9.55
3788,65.54
3789,15.45
3790,29.96
3791,85.38
3792,55.98
3793,80.92
3794,91.61
3795,98.0
3796,66.36
3797,74.93
3798,67.41
3799,12.9
3800,28.78
3801,92.14
3802,27.98
3803,44.28
3804,72.77
3805,91.27
3806,64.08
3807,98.07
3808,89.89
3809,54.31
3810,83.1
3811,48.88
3812,53.93
3813,77.91
3814,99.46
3815,71.76
3816,21.72
3817,79.23
3818,79.17
3819,41.21
3820,99.35
3821,56.53
3822,34.68
3823,50.39
3824,52.03
3825,73.66
3826,31.51
3827,79.61
3828,59.59
3829,33.9
3830,6.59
3831,91.31
3832,14.45
3833,85.33
3834,63.7
3835,17.6
3836,95.2
3837,80.94
3838,44.24
3839,62.58
3840,33.83
3841,78.89
3842,37.67
3843,67.35
3844,21.73
3845,38.68
3846,9.76
3847,99.52
3848,71.67
3849,27.89
3850,30.46
3851,82.52
3852,25.0
3853,59.1
3854,78.79
3855,4.23
3856,70.43
3857,95.06
3858,48.53
3859,32.12
3860,50.43
3861,94.36
3862,72.87
3863,81.23
3864,0.23
3865,7.02
3866,93.32
3867,67.71
3868,52.13
3869,4.15
3870,24.19
3871,56.31
3872,91.01
3873,46.87
3874,92.35
3875,89.84
3876,44.83
3877,6.16
3878,74.75
3879,30.08
3880,34.74
3881,62.56
3882,77.46
3883,57.51
3884,7.28
3885,8.32
3886,55.06
3887,37.43
3888,42.71
3889,71.14
3890,85.19
3891,94.66
3892,61.09
3893,88.84
3894,12.76
3895,78.18
3896,73.71
3897,30.59
3898,41.26
3899,78.65
3900,39.4
3901,51.79
3902,87.93
3903,17.68
3904,90.08
3905,25.39
3906,79.43
3907,23.41
3908,3.37
3909,9.14
3910,12.69
3911,11.41
3912,20.43
3913,68.6
3914,96.12
3915,41.87
3916,13.4
3917,63.52
3918,76.49
3919,30.69
3920,45.49
3921,40.31
3922,98.74
3923,38.55
3924,8.84
3925,30.11
3926,51.96
3927,63.73
3928,47.43
3929,42.56
3930,30.85
3931,33.5
3932,99.17
3933,7.73
3934,90.48
3935,20.31
3936,55.89
3937,4.53
3938,4.73
3939,58.61
3940,90.09
3941,30.21
3942,93.18
3943,91.22
3944,68.81
3945,46.27
3946,21.0
3947,69.36
3948,34.03
3949,7.25
3950,73.33
3951,15.95
3952,14.56
3953,18.6
3954,11.18
3955,47.8
3956,24.56
3957,47.48
3958,49.47
3959,75.26
3960,30.65
3961,36.46
3962,67.12
3963,32.93
3964,58.93
3965,75.47
3966,3.85
3967,46.07
3968,52.66
3969,1.57
3970,36.06
3971,51.16
3972,61.23
3973,9.36
3974,4.05
3975,86.04
3976,28.44
3977,75.23
3978,14.71
3979,21.05
3980,15.58
3981,60.58
3982,59.59
3983,76.62
3984,30.75
3985,31.3
3986,52.09
3987,78.32
3988,68.45
3989,26.64
3990,41.08
3991,27.17
3992,40.86
3993,64.75
3994,36.25
3995,13.36
3996,28.28
3997,70.46
3998,18.86
3999,60.94
4000,17.24
4001,88.72
4002,81.55
4003,53.5
4004,47.39
4005,48.85
4006,79.7
4007,88.69
4008,84.8
4009,81.68
4010,11.93
4011,40.87
4012,9.39
4013,85.31
4014,60.78
4015,20.53
4016,44.2
4017,25.92
4018,9.78
4019,98.21
4020,79.03
4021,19.36
4022,0.77
4023,89.91
4024,60.3
4025,14.92
4026,76.56
4027,74.85
4028,47.12
4029,62.04
4030,15.3
4031,86.12
4032,89.64
4033,52.59
4034,84.0
4035,62.49
4036,19.53
4037,59.74
4038,78.17
4039,78.88
4040,3.58
4041,30.9
4042,99.39
4043,52.65
4044,81.15
4045,60.23
4046,27.77
4047,2.01
4048,7.13
4049,17.09
4050,45.58
4051,50.26
4052,64.47
4053,4.21
4054,38.53
4055,7.83
4056,92.99
4057,85.06
4058,59.42
4059,47.69
4060,61.94
4061,86.85
4062,89.6
4063,29.96
4064,16.2
4065,95.79
4066,21.18
4067,55.52
4068,76.86
4069,50.63
4070,32.86
4071,15.7
4072,98.24
4073,74.73
4074,86.16
4075,37.9
4076,45.63
4077,48.42
4078,52.87
4079,39.1
4080,18.88
4081,36.07
4082,50.65
4083,80.21
4084,65.17
4085,5.75
4086,65.19
4087,12.02
4088,17.64
4089,8.15
4090,11.81
4091,97.21
4092,90.17
4093,99.38
4094,57.13
4095,37.25
4096,43.85
4097,10.04
4098,47.16
4099,17.3
4100,26.92
4101,69.95
4102,17.75
4103,56.83
4104,80.33
4105,8.46
4106,96.2
4107,9.33
4108,74.21
4109,61.59
4110,88.97
4111,53.85
4112,65.53
4113,22.31
4114,51.41
4115,7.04
4116,29.04
4117,39.52
4118,8.57
4119,82.72
4120,10.86
4121,62.38
4122,66.49
4123,47.77
4124,67.45
4125,6.77
4126,18.54
4127,72.75
4128,58.83
4129,88.72
4130,2.55
4131,21.06
4132,74.75
4133,64.35
4134,31.07
4135,40.84
4136,35.78
4137,83.15
4138,2.29
4139,73.02
4140,75.25
4141,96.0
4142,62.0
4143,5.1
4144,2.28
4145,30.6
4146,86.63
4147,41.0
4148,57.24
4149,88.44
4150,25.45
4151,2.94
4152,21.92
4153,29.6
4154,70.65
4155,56.75
4156,74.23
4157,99.49
4158,77.88
4159,30.51
4160,10.33
4161,0.28
4162,12.2
4163,86.22
4164,73.39
4165,92.71
4166,96.56
4167,2.06
4168,90.23
4169,47.67
4170,19.37
4171,65.85
4172,66.34
4173,17.21
4174,70.03
4175,7.33
4176,81.39
4177,59.7
4178,23.66
4179,73.46
4180,20.88
4181,39.24
4182,72.36
4183,30.95
4184,51.47
4185,28.45
4186,32.74
4187,34.01
4188,15.64
4189,79.14
4190,90.39
4191,48.3
4192,20.35
4193,43.84
4194,46.05
4195,40.35
4196,8.65
4197,46.39
4198,49.45
4199,27.67
4200,52.38
4201,18.82
4202,74.66
4203,16.47
4204,81.91
4205,18.46
4206,46.46
4207,27.69
4208,69.04
4209,45.32
4210,73.32
4211,71.45
4212,6.11
4213,80.13
4214,35.76
4215,34.02
4216,69.46
4217,42.39
4218,51.57
4219,54.25
4220,57.7
4221,2.43
4222,43.07
4223,4.47
4224,81.36
4225,50.35
4226,64.42
4227,33.18
4228,99.78
4229,81.91
4230,1.75
4231,33.04
4232,68.82
4233,85.32
4234,71.65
4235,91.11
4236,61.94
4237,3.84
4238,50.38
4239,98.06
4240,3.63
4241,30.85
4242,24.65
4243,77.77
4244,90.26
4245,82.2
4246,44.64
4247,81.2
4248,53.19
4249,7.6
4250,27.23
4251,48.38
4252,50.53
4253,6.08
4254,75.84
4255,73.75
4256,4.55
4257,88.28
4258,49.78
4259,8.04
4260,27.62
4261,16.65
4262,93.58
4263,96.94
4264,87.84
4265,70.39
4266,37.7
4267,33.9
4268,11.63
4269,85.41
4270,41.33
4271,17.77
4272,38.41
4273,34.95
4274,66.7
4275,18.08
4276,37.5
4277,0.69
4278,19.93
4279,30.67
4280,72.95
4281,36.55
4282,26.23
4283,29.13
4284,35.55
4285,73.25
4286,97.81
4287,31.71
4288,60.12
4289,75.98
4290,30.51
4291,35.94
4292,86.8
4293,11.2
4294,14.29
4295,48.85
4296,85.65
4297,39.41
4298,13.13
4299,0.62
4300,84.92
4301,46.99
4302,90.8
4303,58.43
4304,33.99
4305,47.03
4306,99.39
4307,61.66
4308,73.48
4309,88.55
4310,12.0
4311,23.19
4312,36.32
4313,95.94
4314,65.24
4315,9.87
4316,4.25
4317,89.89
4318,22.73
4319,23.86
4320,46.86
4321,71.79
4322,72.34
4323,88.67
4324,94.89
4325,25.2
4326,62.95
4327,21.29
4328,56.55
4329,18.13
4330,26.02
4331,16.73
4332,89.04
4333,28.68
4334,1.83
4335,94.07
4336,94.61
4337,34.51
4338,32.65
4339,7.52
4340,43.5
4341,66.95
4342,92.61
4343,71.11
4344,41.32
4345,61.58
4346,66.43
4347,34.08
4348,35.34
4349,3.69
4350,55.42
4351,94.16
4352,54.55
4353,73.91
4354,4.25
4355,28.37
4356,82.19
4357,93.05
4358,2.43
4359,16.93
4360,79.68
4361,26.12
4362,66.82
4363,9.56
4364,34.78
4365,7.29
4366,61.41
4367,4.49
4368,0.59
4369,96.55
4370,37.07
4371,50.14
4372,66.91
4373,48.05
4374,33.43
4375,61.91
4376,14.27
4377,25.07
4378,58.36
4379,11.53
4380,1.47
4381,79.17
4382,11.51
4383,55.72
4384,68.01
4385,64.94
4386,9.55
4387,66.51
4388,32.12
4389,85.01
4390,65.52
4391,21.53
4392,71.11
4393,59.64
4394,70.92
4395,46.88
4396,91.95
4397,60.44
4398,65.73
4399,59.2
4400,41.53
4401,76.55
4402,45.01
4403,8.15
4404,31.48
4405,67.99
4406,45.42
4407,22.76
4408,13.8
4409,21.04
4410,25.01
4411,73.31
4412,17.84
4413,93.44
4414,52.58
4415,69.19
4416,60.63
4417,14.58
4418,79.79
4419,31.84
4420,33.18
4421,46.31
4422,4.78
4423,36.53
4424,30.6
4425,10.68
4426,17.94
4427,31.08
4428,19.77
4429,24.35
4430,16.88
4431,75.59
4432,63.81
4433,40.9
4434,39.18
4435,18.73
4436,8.7
4437,27.1
4438,23.8
4439,50.92
4440,41.08
4441,96.35
4442,44.66
4443,64.82
4444,76.32
4445,95.85
4446,64.63
4447,11.33
4448,33.09
4449,96.08
4450,80.96
4451,2.5
4452,40.47
4453,18.67
4454,38.33
4455,52.51
4456,19.47
4457,6.68
4458,94.67
4459,53.2
4460,45.62
4461,83.16
4462,67.4
4463,3.58
4464,73.87
4465,51.27
4466,67.47
4467,13.75
4468,42.22
4469,23.51
4470,64.97
4471,3.69
4472,66.0
4473,83.76
4474,2.58
4475,59.66
4476,18.56
4477,49.4
4478,16.99
4479,43.55
4480,34.91
4481,84.67
4482,89.44
4483,97.89
4484,7.76
4485,4.01
4486,78.06
4487,43.16
4488,94.45
4489,5.78
4490,94.02
4491,76.66
4492,47.07
4493,87.5
4494,86.96
4495,44.51
4496,95.34
4497,3.83
4498,57.74
4499,43.17
4500,36.21
4501,39.78
4502,41.36
4503,64.57
4504,8.13
4505,7.37
4506,2.72
4507,69.5
4508,57.9
4509,97.25
4510,2.52
4511,1.66
4512,29.2
4513,98.58
4514,1.49
4515,8.09
4516,30.39
4517,84.88
4518,96.87
4519,8.54
4520,73.36
4521,87.22
4522,9.15
4523,69.23
4524,98.61
4525,97.59
4526,22.56
4527,21.88
4528,6.66
4529,87.75
4530,49.96
4531,0.87
4532,26.13
4533,66.9
4534,89.56
4535,26.52
4536,81.93
4537,91.53
4538,33.47
4539,69.42
4540,92.68
4541,48.75
4542,22.59
4543,19.5
4544,98.83
4545,41.74
4546,41.55
4547,11.88
4548,23.4
4549,26.47
4550,91.17
4551,3.13
4552,69.47
4553,90.58
4554,46.95
4555,1.97
4556,73.66
4557,81.3
4558,82.77
4559,4.59
4560,63.08
4561,64.09
4562,38.82
4563,99.62
4564,2.84
4565,78.69
4566,31.78
4567,89.55
4568,51.68
4569,43.55
4570,84.59
4571,22.71
4572,83.63
4573,98.51
4574,38.9
4575,65.46
4576,26.22
4577,1.39
4578,52.36
4579,56.19
4580,86.05
4581,81.29
4582,35.66
4583,10.79
4584,36.05
4585,59.77
4586,1.13
4587,62.61
4588,6.12
4589,42.52
4590,77.35
4591,43.38
4592,50.1
4593,13.61
4594,70.22
4595,34.0
4596,26.82
4597,93.14
4598,68.5
4599,15.14
4600,78.95
4601,44.05
4602,12.34
4603,87.76
4604,98.77
4605,15.4
4606,97.76
4607,54.89
4608,2.42
4609,85.5
4610,41.36
4611,30.64
4612,13.31
4613,40.51
4614,42.84
4615,16.56
4616,88.56
4617,42.32
4618,43.94
4619,78.18
4620,73.22
4621,46.11
4622,38.45
4623,88.96
4624,59.94
4625,38.34
4626,35.26
4627,17.46
4628,46.02
4629,18.67
4630,96.75
4631,7.8
4632,55.34
4633,43.58
4634,45.52
4635,1.0
4636,26.36
4637,7.18
4638,87.1
4639,86.22
4640,81.56
4641,75.61
4642,68.68
4643,54.17
4644,46.9
4645,24.41
4646,92.5
4647,0.75
4648,95.46
4649,6.55
4650,16.75
4651,42.79
4652,22.8
4653,47.01
4654,74.44
4655,67.45
4656,85.78
4657,70.86
4658,53.23
4659,84.63
4660,21.86
4661,11.85
4662,52.63
4663,43.06
4664,98.9
4665,77.11
4666,30.21
4667,25.89
4668,25.72
4669,91.25
4670,97.28
4671,68.75
4672,2.67
4673,50.11
4674,33.35
4675,35.84
4676,36.99
4677,64.32
4678,60.93
4679,25.0
4680,40.35
4681,0.75
4682,25.56
4683,56.08
4684,99.3
4685,98.55
4686,25.13
4687,90.52
4688,37.25
4689,76.42
4690,41.49
4691,64.32
4692,90.6
4693,27.88
4694,97.06
4695,6.47
4696,91.19
4697,57.62
4698,24.27
4699,16.7
4700,5.23
4701,7.56
4702,25.79
4703,65.25
4704,66.1
4705,23.13
4706,79.01
4707,99.97
4708,25.75
4709,8.96
4710,21.35
4711,11.23
4712,75.26
4713,61.72
4714,39.63
4715,89.43
4716,30.92
4717,14.29
4718,36.29
4719,47.27
4720,22.45
4721,47.08
4722,58.16
4723,92.22
4724,15.2
4725,78.21
4726,95.91
4727,31.48
4728,68.87
4729,4.13
4730,76.73
4731,60.42
4732,62.69
4733,8.2
4734,66.29
4735,23.57
4736,15.98
4737,46.55
4738,46.47
4739,91.93
4740,8.18
4741,75.57
4742,10.86
4743,20.88
4744,98.05
4745,29.1
4746,96.49
4747,51.48
4748,70.14
4749,70.69
4750,74.04
4751,92.04
4752,63.36
4753,82.99
4754,56.68
4755,12.64
4756,13.94
4757,45.41
4758,86.84
4759,32.27
4760,13.7
4761,41.55
4762,5.98
4763,92.76
4764,92.16
4765,12.97
4766,4.63
4767,3.72
4768,25.03
4769,84.5
4770,96.82
4771,31.89
4772,51.09
4773,40.2
4774,85.09
4775,74.41
4776,38.73
4777,37.01
4778,91.97
4779,69.89
4780,99.04
4781,96.7
4782,84.93
4783,33.16
4784,47.53
4785,1.69
4786,11.72
4787,45.85
4788,72.63
4789,5.48
4790,14.85
4791,11.75
4792,34.62
4793,76.86
4794,49.85
4795,78.81
4796,77.45
4797,98.44
4798,43.99
4799,77.32
4800,45.51
4801,16.53
4802,48.55
4803,88.32
4804,39.39
4805,50.88
4806,19.51
4807,30.01
4808,64.45
4809,35.16
4810,47.34
4811,47.49
4812,91.75
4813,13.56
4814,42.4
4815,18.68
4816,5.95
4817,43.7
4818,48.98
4819,51.59
4820,74.02
4821,27.99
4822,69.71
4823,39.49
4824,82.84
1,81.88
2,20.21
3,81.42
4,7.39
5,38.53
6,65.61
7,56.12
8,51.91
9,40.21
10,37.4
11,23.75
12,92.46
13,45.78
14,45.85
15,68.07
16,68.89
17,70.77
18,3.59
19,72.42
20,51.0
21,24.79
22,13.9
23,67.12
24,30.76
25,46.25
26,25.37
27,31.37
28,36.17
29,37.9
30,57.76
31,16.18
32,45.38
33,96.73
34,4.23
35,88.83
36,53.27
37,61.7
38,92.18
39,95.42
40,6.04
41,45.7
42,12.26
43,80.56
44,80.11
45,40.86
46,33.61
47,44.35
48,58.41
49,51.99
50,69.84
51,94.82
52,66.17
53,39.77
54,35.49
55,11.54
56,45.73
57,54.69
58,24.72
59,28.92
60,85.89
61,94.43
62,76.19
63,99.45
64,90.32
65,15.44
66,93.46
67,45.37
68,3.32
69,55.79
70,78.92
71,37.34
72,38.64
73,60.41
74,88.82
75,8.72
76,28.87
77,28.6
78,22.08
79,24.2
80,7.84
81,44.98
82,46.07
83,69.12
84,81.01
85,95.33
86,54.35
87,81.83
88,80.53
89,2.06
90,64.76
91,11.81
92,30.97
93,21.76
94,39.88
95,7.0
96,28.27
97,83.9
98,60.59
99,11.24
100,94.14
101,66.57
102,47.02
103,65.04
104,48.7
105,54.11
106,37.65
107,49.37
108,73.5
109,45.99
110,24.18
111,49.68
112,54.09
113,32.06
114,64.8
115,80.8
116,55.91
117,71.94
118,23.22
119,61.05
120,5.36
121,68.09
122,72.24
123,23.44
124,62.03
125,20.48
126,42.42
127,83.52
128,27.43
129,49.7
130,72.91
131,71.98
132,3.57
133,20.8
134,40.01
135,47.04
136,90.73
137,15.71
138,9.15
139,9.27
140,57.1
141,37.64
142,85.12
143,10.38
144,69.57
145,72.85
146,10.63
147,42.72
148,1.7
149,44.79
150,77.42
151,11.8
152,26.19
153,67.2
154,85.63
155,16.05
156,5.6
157,95.37
158,85.46
159,52.94
160,3.41
161,15.37
162,79.07
163,26.73
164,75.77
165,81.86
166,95.28
167,56.59
168,51.32
169,98.84
170,58.93
171,77.23
172,37.82
173,10.74
174,16.4
175,19.21
176,37.65
177,32.22
178,78.96
179,45.91
180,26.42
181,68.04
182,27.53
183,14.66
184,38.23
185,11.85
186,25.35
187,61.97
188,28.48
189,67.51
190,72.6
191,51.83
192,1.33
193,49.36
194,80.35
195,59.31
196,14.05
197,24.19
198,77.24
199,13.11
200,30.38
201,7.79
202,79.54
203,69.22
204,10.65
205,91.7
206,20.85
207,76.35
208,21.56
209,34.36
210,31.97
211,20.75
212,37.08
213,63.97
214,97.54
215,97.06
216,79.76
217,86.64
218,69.5
219,32.63
220,6.8
221,15.43
222,89.92
223,43.76
224,39.54
225,46.36
226,15.62
227,87.7
228,12.37
229,90.13
230,70.6
231,36.08
232,55.71
233,55.12
234,76.35
235,89.01
236,51.1
237,53.72
238,29.82
239,51.52
240,35.78
241,82.18
242,1.47
243,25.0
244,67.86
245,88.48
246,55.22
247,93.83
248,23.96
249,84.8
250,99.08
251,75.36
252,52.09
253,72.04
254,72.22
255,62.88
256,50.81
257,30.35
258,11.82
259,42.2
260,77.64
261,38.3
262,0.32
263,41.86
264,58.19
265,92.84
266,41.4
267,57.11
268,80.35
269,90.35
270,66.13
271,9.5
272,91.12
273,50.97
274,43.78
275,37.11
276,89.04
277,57.85
278,52.51
279,48.93
280,38.0
281,39.34
282,23.24
283,0.79
284,69.74
285,4.32
286,8.86
287,59.17
288,88.39
289,19.4
290,10.99
291,17.24
292,12.46
293,16.78
294,21.9
295,4.8
296,38.25
297,11.95
298,32.16
299,50.28
300,14.68
301,34.88
302,81.62
303,29.98
304,90.07
305,76.86
306,26.52
307,24.65
308,32.54
309,27.31
310,57.43
311,57.53
312,93.38
313,67.68
314,27.94
315,33.33
316,50.43
317,29.79
318,79.25
319,55.26
320,15.55
321,86.92
322,7.49
323,30.97
324,39.04
325,66.89
326,0.2
327,40.87
328,16.35
329,70.43
330,39.32
331,71.61
332,3.37
333,93.5
334,22.53
335,25.89
336,93.9
337,1.99
338,73.22
339,31.83
340,89.72
341,44.32
342,7.64
343,12.89
344,57.33
345,46.78
346,46.97
347,47.98
348,59.68
349,21.88
350,26.97
351,90.01
352,77.17
353,58.85
354,10.06
355,94.78
356,28.18
357,41.13
358,3.17
359,76.83
360,21.1
361,56.77
362,65.8
363,21.24
364,86.95
365,84.72
366,40.07
367,21.89
368,22.59
369,69.65
370,55.84
371,39.35
372,34.08
373,8.83
374,96.14
375,73.11
376,61.31
377,39.99
378,2.94
379,16.98
380,65.62
381,52.11
382,35.55
383,68.6
384,90.74
385,67.92
386,58.51
387,0.21
388,48.86
389,50.7
390,14.62
391,88.0
392,40.91
393,85.15
394,28.94
395,95.02
396,47.65
397,8.1
398,5.17
399,29.17
400,75.84
401,51.22
402,96.41
403,28.32
404,95.15
405,87.09
406,33.16
407,9.9
408,92.89
409,61.5
410,35.33
411,85.04
412,47.26
413,59.8
414,60.75
415,79.5
416,86.28
417,99.72
418,42.7
419,75.6
420,0.66
421,79.0
422,51.25
423,53.4
424,53.28
425,55.95
426,23.21
427,37.79
428,50.64
429,19.75
430,39.91
431,32.17
432,26.06
433,52.84
434,27.87
435,33.48
436,33.52
437,55.62
438,76.61
439,46.41
440,23.27
441,26.24
442,45.51
443,79.79
444,86.37
445,32.27
446,7.7
447,21.92
448,57.98
449,10.93
450,82.73
451,20.61
452,2.64
453,31.44
454,37.53
455,80.97
456,16.93
457,72.93
458,22.44
459,65.6
460,50.22
461,49.34
462,28.5
463,52.43
464,64.19
465,91.96
466,33.46
467,6.85
468,97.97
469,26.26
470,28.38
471,16.35
472,48.28
473,92.39
474,46.61
475,91.52
476,20.58
477,91.37
478,95.5
479,83.33
480,94.35
481,63.25
482,6.42
483,39.49
484,80.88
485,53.69
486,48.17
487,81.62
488,59.95
489,21.1
490,97.86
491,0.7
492,48.35
493,53.55
494,68.92
495,93.76
496,61.48
497,64.94
498,22.19
499,69.44
500,66.0
501,51.55
502,87.67
503,73.81
504,73.17
505,88.79
506,19.67
507,95.88
508,19.03
509,1.13
510,41.76
511,68.84
512,52.72
513,44.22
514,19.26
515,72.66
516,87.44
517,27.4
518,6.47
519,2.4
520,92.71
521,72.09
522,59.85
523,20.78
524,49.58
525,86.66
526,79.54
527,79.6
528,4.99
529,74.56
530,91.83
531,55.85
532,82.61
533,24.91
534,59.11
535,44.85
536,53.63
537,71.08
538,66.7
539,10.11
540,8.66
541,73.67
542,28.57
543,7.37
544,72.28
545,76.15
546,5.64
547,18.33
548,97.0
549,9.6
550,30.4
551,85.82
552,11.54
553,98.02
554,66.17
555,8.35
556,45.2
557,81.34
558,78.3
559,51.14
560,46.29
561,16.24
562,97.71
563,40.0
564,48.47
565,93.77
566,97.68
567,44.53
568,96.85
569,8.69
570,13.88
571,48.36
572,44.91
573,2.5
574,92.53
575,48.63
576,10.53
577,55.27
578,73.85
579,43.11
580,1.92
581,56.97
582,91.45
583,22.48
584,54.78
585,56.59
586,11.71
587,41.53
588,44.35
589,85.58
590,82.23
591,32.76
592,83.47
593,49.86
594,59.61
595,41.47
596,36.75
597,7.29
598,12.46
599,30.61
600,71.3
601,89.25
602,68.09
603,32.4
604,54.79
605,16.76
606,13.23
607,15.02
608,85.58
609,54.88
610,43.7
611,85.54
612,44.76
613,65.19
614,71.39
615,64.33
616,74.59
617,45.11
618,84.28
619,83.94
620,23.06
621,19.32
622,47.67
623,51.86
624,93.27
625,83.38
626,81.66
627,20.33
628,78.72
629,75.51
630,79.86
631,77.29
632,44.73
633,22.04
634,15.54
635,31.35
636,76.58
637,41.28
638,32.62
639,2.89
640,97.96
641,31.2
642,62.72
643,30.32
644,47.12
645,42.94
646,0.23
647,37.56
648,24.47
649,5.8
650,97.66
651,4.39
652,81.0
653,85.08
654,79.84
655,65.93
656,36.25
657,56.15
658,7.0
659,26.34
660,84.15
661,73.55
662,68.02
663,41.76
664,25.55
665,43.85
666,86.98
667,55.39
668,46.62
669,66.33
670,12.5
671,69.88
672,92.61
673,18.77
674,80.53
675,97.7
676,51.07
677,74.6
678,42.59
679,45.3
680,17.78
681,23.06
682,0.84
683,52.63
684,63.02
685,31.22
686,15.25
687,82.91
688,44.26
689,53.01
690,72.2
691,71.99
692,26.67
693,23.06
694,22.43
695,30.79
696,85.92
697,40.77
698,60.2
699,34.63
700,55.98
701,54.27
702,62.63
703,2.83
704,7.12
705,21.79
706,56.04
707,99.41
708,33.73
709,86.13
710,85.34
711,56.4
712,2.22
713,30.62
714,38.4
715,37.47
716,27.79
717,41.57
718,2.5
719,16.91
720,48.52
721,88.69
722,77.25
723,13.55
724,66.75
725,99.29
726,78.72
727,31.27
728,69.63
729,8.43
730,66.35
731,41.63
732,86.02
733,19.2
734,99.42
735,80.18
736,18.65
737,4.39
738,94.48
739,73.47
740,39.51
741,75.11
742,62.45
743,77.5
744,84.91
745,99.23
746,10.34
747,50.45
748,41.29
749,32.23
750,95.99
751,71.44
752,30.76
753,97.07
754,50.93
755,8.13
756,2.63
757,33.88
758,82.24
759,47.48
760,23.51
761,78.29
762,88.99
763,56.64
764,14.56
765,36.09
766,90.74
767,81.02
768,22.91
769,83.62
770,56.03
771,48.62
772,89.26
773,0.89
774,79.14
775,43.66
776,43.7
777,76.85
778,43.47
779,51.38
780,91.77
781,51.24
782,68.92
783,51.8
784,77.44
785,15.62
786,64.28
787,80.8
788,31.27
789,60.34
790,37.3
791,6.24
792,32.44
793,76.34
794,74.49
795,54.99
796,35.0
797,18.86
798,42.03
799,60.05
800,49.45
801,82.12
802,37.26
803,81.61
804,40.19
805,99.41
806,28.52
807,32.37
808,31.31
809,96.45
810,68.87
811,58.31
812,91.75
813,66.36
814,59.37
815,31.84
816,80.58
817,36.77
818,56.83
819,78.47
820,21.46
821,7.12
822,36.05
823,42.27
824,6.33
825,78.89
826,62.71
827,39.85
828,60.92
829,22.71
830,51.41
831,35.18
832,50.78
833,4.94
834,35.31
835,32.61
836,46.71
837,35.12
838,63.14
839,37.29
840,24.22
841,41.35
842,32.38
843,5.96
844,46.7
845,65.78
846,51.89
847,57.08
848,47.43
849,54.98
850,95.61
851,98.63
852,78.81
853,37.17
854,62.41
855,81.36
856,49.72
857,1.79
858,72.78
859,64.79
860,68.89
861,11.76
862,46.89
863,66.76
864,25.35
865,63.62
866,48.83
867,65.59
868,99.63
869,37.51
870,51.28
871,62.46
872,37.17
873,88.86
874,42.53
875,88.29
876,84.44
877,44.1
878,45.59
879,48.3
880,85.17
881,62.3
882,72.02
883,56.79
884,44.71
885,36.08
886,45.62
887,77.56
888,92.84
889,81.23
890,57.67
891,46.11
892,31.12
893,53.81
894,33.45
895,98.19
896,45.16
897,96.47
898,35.17
899,9.18
900,13.07
901,52.53
902,72.63
903,16.48
904,56.22
905,89.21
906,48.23
907,29.32
908,74.9
909,78.29
910,27.64
911,1.57
912,54.31
913,94.05
914,77.91
915,39.22
916,17.2
917,92.07
918,82.28
919,38.08
920,51.28
921,31.16
922,58.71
923,72.18
924,59.32
925,7.68
926,42.74
927,45.31
928,42.2
929,79.98
930,54.2
931,43.18
932,72.66
933,46.26
934,70.98
935,22.83
936,0.78
937,21.86
938,73.84
939,91.58
940,52.13
941,59.64
942,98.1
943,17.59
944,89.69
945,28.62
946,36.45
947,36.07
948,13.65
949,7.07
950,43.01
951,50.35
952,35.0
953,1.67
954,3.52
955,38.13
956,65.86
957,6.67
958,4.51
959,3.36
960,81.6
961,33.2
962,49.48
963,32.97
964,71.25
965,52.92
966,36.91
967,33.43
968,26.03
969,55.67
970,6.68
971,13.04
972,52.9
973,1.84
974,38.97
975,31.35
976,63.68
977,40.75
978,2.94
979,54.09
980,97.0
981,57.95
982,50.75
983,40.19
984,56.54
985,73.1
986,37.42
987,93.87
988,30.24
989,83.68
990,23.2
991,5.05
992,82.13
993,93.12
994,97.55
995,61.18
996,52.35
997,3.1
998,94.97
999,37.4
1000,47.97
1001,76.36
1002,20.65
1003,60.7
1004,51.89
1005,87.59
1006,53.22
1007,11.05
1008,13.23
1009,54.73
1010,12.94
1011,56.05
1012,54.3
1013,39.92
1014,3.17
1015,50.11
1016,56.49
1017,20.12
1018,98.16
1019,97.96
1020,96.77
1021,30.79
1022,20.44
1023,31.94
1024,61.65
1025,97.63
1026,95.67
1027,15.2
1028,67.03
1029,67.5
1030,29.62
1031,19.84
1032,84.34
1033,51.03
1034,59.52
1035,51.01
1036,73.2
1037,29.56
1038,60.19
1039,10.59
1040,32.89
1041,53.8
1042,66.06
1043,95.24
1044,67.03
1045,47.61
1046,79.91
1047,21.46
1048,93.81
1049,97.87
1050,26.36
1051,83.96
1052,40.85
1053,81.1
1054,80.26
1055,92.85
1056,50.2
1057,21.52
1058,28.55
1059,60.81
1060,24.42
1061,53.8
1062,31.6
1063,86.62
1064,81.41
1065,52.1
1066,43.78
1067,20.96
1068,1.71
1069,29.42
1070,90.48
1071,89.24
1072,8.52
1073,28.79
1074,95.06
1075,40.55
1076,48.63
1077,15.79
1078,26.11
1079,18.43
1080,31.81
1081,48.44
1082,90.3
1083,23.33
1084,1.46
1085,72.66
1086,70.29
1087,77.03
1088,49.96
1089,23.75
1090,26.94
1091,52.59
1092,49.7
1093,50.35
1094,93.76
1095,85.45
1096,23.61
1097,95.66
1098,25.3
1099,77.79
1100,70.09
1101,82.0
1102,7.55
1103,55.41
1104,87.37
1105,51.01
1106,93.07
1107,26.96
1108,73.31
1109,65.62
1110,13.45
1111,20.4
1112,44.91
1113,44.15
1114,25.63
1115,4.43
1116,86.0
1117,63.65
1118,2.27
1119,58.58
1120,61.56
1121,57.57
1122,37.47
1123,40.09
1124,99.99
1125,62.46
1126,17.18
1127,79.36
1128,57.88
1129,46.14
1130,81.74
1131,37.26
1132,8.31
1133,83.98
1134,36.24
1135,74.89
1136,11.46
1137,26.54
1138,15.05
1139,93.74
1140,45.71
1141,77.72
1142,54.92
1143,48.54
1144,98.98
1145,12.2
1146,21.37
1147,7.97
1148,36.0
1149,46.84
1150,89.25
1151,25.84
1152,48.6
1153,56.76
1154,97.3
1155,53.48
1156,28.31
1157,65.21
1158,50.41
1159,10.5
1160,5.6
1161,93.49
1162,94.94
1163,99.85
1164,39.47
1165,82.54
1166,90.03
1167,61.68
1168,90.74
1169,90.69
1170,71.55
1171,12.44
1172,89.11
1173,27.71
1174,71.94
1175,65.9
1176,55.1
1177,64.65
1178,90.97
1179,63.72
1180,69.46
1181,73.25
1182,96.19
1183,31.77
1184,98.44
1185,67.76
1186,23.89
1187,67.8
1188,34.1
1189,51.8
1190,24.2
1191,20.86
1192,97.16
1193,46.61
1194,48.79
1195,84.77
1196,27.19
1197,78.69
1198,97.12
1199,53.16
1200,85.29
1201,79.8
1202,47.3
1203,53.79
1204,65.49
1205,19.01
1206,41.71
1207,70.44
1208,41.37
1209,66.48
1210,87.17
1211,46.95
1212,30.57
1213,92.97
1214,53.55
1215,63.93
1216,69.13
1217,35.49
1218,58.11
1219,89.77
1220,28.62
1221,64.39
1222,25.4
1223,19.79
1224,62.21
1225,9.64
1226,10.11
1227,45.39
1228,10.5
1229,38.67
1230,89.78
1231,78.8
1232,84.59
1233,8.01
1234,99.83
1235,99.33
1236,22.25
1237,53.19
1238,20.38
1239,20.93
1240,84.22
1241,92.23
1242,72.83
1243,74.11
1244,13.69
1245,20.35
1246,15.91
1247,32.73
1248,29.79
1249,1.52
1250,44.32
1251,7.26
1252,45.96
1253,37.19
1254,70.97
1255,40.36
1256,23.53
1257,29.14
1258,96.32
1259,87.44
1260,15.28
1261,7.53
1262,16.09
1263,10.13
1264,66.0
1265,54.39
1266,29.87
1267,95.05
1268,41.25
1269,37.39
1270,22.68
1271,72.71
1272,30.04
1273,93.02
1274,44.13
1275,34.54
1276,37.44
1277,65.56
1278,93.02
1279,62.43
1280,51.23
1281,41.12
1282,35.0
1283,79.85
1284,95.92
1285,46.43
1286,41.58
1287,82.17
1288,10.63
1289,20.4
1290,46.13
1291,82.88
1292,11.4
1293,74.25
1294,54.94
1295,69.12
1296,30.15
1297,75.99
1298,36.52
1299,97.14
1300,9.41
1301,92.97
1302,31.21
1303,84.13
1304,97.93
1305,59.96
1306,62.47
1307,92.88
1308,70.57
1309,3.57
1310,98.84
1311,42.84
1312,4.7
1313,25.51
1314,66.37
1315,57.69
1316,21.03
1317,66.9
1318,99.96
1319,72.19
1320,93.21
1321,72.64
1322,1.25
1323,33.56
1324,5.27
1325,80.91
1326,7.72
1327,8.98
1328,56.82
1329,50.71
1330,42.45
1331,89.65
1332,57.65
1333,33.91
1334,91.19
1335,6.96
1336,79.59
1337,40.64
1338,39.48
1339,99.64
1340,5.59
1341,19.41
1342,87.22
1343,83.08
1344,71.0
1345,81.04
1346,52.21
1347,83.46
1348,35.14
1349,11.17
1350,24.71
1351,74.74
1352,37.14
1353,17.45
1354,45.91
1355,43.82
1356,90.38
1357,99.08
1358,82.76
1359,33.89
1360,90.78
1361,92.4
1362,89.16
1363,53.25
1364,4.67
1365,44.09
1366,77.93
1367,76.36
1368,40.29
1369,56.84
1370,97.56
1371,7.75
1372,97.46
1373,40.33
1374,49.59
1375,37.4
1376,13.53
1377,76.69
1378,40.35
1379,83.25
1380,27.62
1381,98.18
1382,71.97
1383,13.95
1384,47.98
1385,5.39
1386,68.34
1387,70.48
1388,95.24
1389,27.02
1390,3.88
1391,0.2
1392,49.56
1393,22.81
1394,50.38
1395,10.28
1396,22.08
1397,81.36
1398,68.58
1399,47.7
1400,90.8
1401,95.39
1402,74.46
1403,58.39
1404,5.91
1405,30.81
1406,20.36
1407,31.73
1408,17.86
1409,53.98
1410,67.24
1411,62.21
1412,38.57
1413,64.74
1414,92.26
1415,41.84
1416,59.46
1417,97.59
1418,69.85
1419,17.97
1420,58.41
1421,67.1
1422,81.58
1423,32.28
1424,22.58
1425,8.84
1426,25.78
1427,4.44
1428,42.81
1429,60.06
1430,24.43
1431,3.76
1432,96.31
1433,74.68
1434,38.62
1435,41.67
1436,33.17
1437,59.65
1438,14.17
1439,42.74
1440,49.02
1441,14.76
1442,7.46
1443,66.27
1444,53.27
1445,70.01
1446,12.11
1447,93.51
1448,53.66
1449,21.19
1450,63.29
1451,94.74
1452,83.5
1453,63.97
1454,59.83
1455,91.78
1456,54.28
1457,50.98
1458,17.54
1459,68.37
1460,93.22
1461,57.28
1462,21.11
1463,55.1
1464,30.78
1465,20.59
1466,99.79
1467,48.95
1468,13.08
1469,81.91
1470,36.65
1471,9.79
1472,26.12
1473,38.1
1474,87.13
1475,10.66
1476,98.8
1477,48.07
1478,86.53
1479,25.2
1480,70.96
1481,36.56
1482,97.95
1483,89.29
1484,81.67
1485,56.42
1486,51.83
1487,42.15
1488,5.29
1489,93.67
1490,54.43
1491,52.53
1492,89.06
1493,4.55
1494,89.24
1495,14.5
1496,34.48
1497,77.52
1498,15.78
1499,7.25
1500,25.01
1501,17.92
1502,69.33
1503,45.88
1504,1.14
1505,60.59
1506,87.43
1507,68.28
1508,19.76
1509,89.59
1510,85.15
1511,55.89
1512,55.2
1513,80.38
1514,86.37
1515,72.8
1516,45.75
1517,81.84
1518,88.19
1519,64.5
1520,7.91
1521,39.68
1522,96.1
1523,75.8
1524,14.91
1525,5.77
1526,12.64
1527,6.87
1528,9.12
1529,5.86
1530,30.62
1531,41.88
1532,47.19
1533,45.99
1534,0.03
1535,28.74
1536,86.32
1537,83.43
1538,52.11
1539,96.97
1540,6.3
1541,39.48
1542,12.92
1543,68.73
1544,27.63
1545,83.53
1546,45.42
1547,88.37
1548,30.96
1549,30.29
1550,96.88
1551,62.78
1552,79.85
1553,4.65
1554,7.24
1555,8.22
1556,3.69
1557,14.59
1558,84.16
1559,73.81
1560,21.55
1561,83.14
1562,62.45
1563,71.82
1564,60.93
1565,8.79
1566,77.81
1567,43.46
1568,43.37
1569,49.47
1570,75.59
1571,51.78
1572,57.81
1573,7.06
1574,82.04
1575,16.72
1576,50.27
1577,58.14
1578,0.45
1579,6.9
1580,17.35
1581,73.02
1582,73.9
1583,44.85
1584,53.37
1585,43.35
1586,44.04
1587,16.09
1588,83.28
1589,1.64
1590,81.85
1591,51.76
1592,95.46
1593,75.8
1594,23.6
1595,23.57
1596,0.84
1597,69.05
1598,84.22
1599,79.86
1600,44.38
1601,11.65
1602,90.53
1603,60.98
1604,95.76
1605,17.44
1606,55.73
1607,48.99
1608,94.16
1609,43.52
1610,49.36
1611,48.22
1612,2.86
1613,91.95
1614,86.26
1615,56.25
1616,19.99
1617,95.72
1618,18.89
1619,6.06
1620,17.5
1621,56.77
1622,25.2
1623,54.3
1624,24.27
1625,10.17
1626,18.02
1627,87.82
1628,90.11
1629,61.53
1630,79.27
1631,82.9
1632,4.26
1633,57.57
1634,77.92
1635,69.93
1636,78.69
1637,20.4
1638,8.32
1639,38.96
1640,8.52
1641,20.84
1642,72.35
1643,82.09
1644,16.9
1645,37.55
1646,74.83
1647,5.14
1648,23.7
1649,59.18
1650,9.36
1651,14.3
1652,66.65
1653,0.49
1654,33.33
1655,89.14
1656,49.75
1657,4.3
1658,21.5
1659,67.1
1660,91.28
1661,11.84
1662,93.42
1663,40.8
1664,76.46
1665,82.8
1666,81.93
1667,73.19
1668,20.96
1669,85.42
1670,58.99
1671,38.91
1672,12.64
1673,83.56
1674,70.67
1675,76.18
1676,13.84
1677,92.29
1678,21.4
1679,44.86
1680,73.61
1681,59.97
1682,15.64
1683,61.38
1684,45.47
1685,69.85
1686,99.56
1687,15.77
1688,43.97
1689,27.51
1690,31.44
1691,64.97
1692,1.91
1693,73.85
1694,30.89
1695,85.86
1696,16.05
1697,41.24
1698,67.54
1699,96.88
1700,1.49
1701,14.26
1702,49.08
1703,64.88
1704,95.35
1705,79.22
1706,65.34
1707,33.98
1708,36.79
1709,37.99
1710,86.96
1711,42.59
1712,43.43
1713,28.65
1714,43.88
1715,54.34
1716,97.91
1717,28.24
1718,61.72
1719,78.76
1720,25.19
1721,86.0
1722,4.01
1723,31.11
1724,14.66
1725,47.04
1726,58.97
1727,43.55
1728,0.99
1729,59.55
1730,44.99
1731,80.1
1732,44.13
1733,99.9
1734,89.47
1735,68.8
1736,58.69
1737,41.33
1738,70.34
1739,3.39
1740,85.79
1741,12.56
1742,12.34
1743,68.87
1744,16.71
1745,63.93
1746,55.64
1747,3.22
1748,45.41
1749,26.13
1750,3.42
1751,98.69
1752,52.19
1753,34.91
1754,44.42
1755,61.66
1756,8.46
1757,91.01
1758,36.04
1759,32.72
1760,96.59
1761,95.47
1762,26.95
1763,58.3
1764,67.98
1765,56.71
1766,12.58
1767,17.32
1768,66.84
1769,56.94
1770,21.85
1771,98.84
1772,87.15
1773,87.23
1774,22.48
1775,61.42
1776,50.79
1777,41.8
1778,44.16
1779,28.2
1780,39.08
1781,95.78
1782,72.76
1783,34.74
1784,65.35
1785,60.95
1786,49.37
1787,27.66
1788,79.27
1789,64.13
1790,36.71
1791,0.05
1792,50.03
1793,90.33
1794,55.3
1795,35.17
1796,91.0
1797,18.16
1798,87.07
1799,53.14
1800,18.64
1801,39.8
1802,21.95
1803,66.25
1804,96.47
1805,86.31
1806,31.59
1807,98.89
1808,1.04
1809,44.49
1810,98.08
1811,65.2
1812,9.55
1813,11.87
1814,57.26
1815,29.84
1816,60.91
1817,19.46
1818,14.39
1819,95.62
1820,18.72
1821,89.12
1822,42.46
1823,98.06
1824,44.17
1825,65.52
1826,1.69
1827,81.85
1828,40.21
1829,9.9
1830,57.79
1831,83.04
1832,42.85
1833,72.44
1834,53.39
1835,22.48
1836,64.14
1837,92.89
1838,28.09
1839,6.91
1840,32.48
1841,55.83
1842,1.1
1843,67.42
1844,53.6
1845,20.98
1846,72.64
1847,70.24
1848,6.1
1849,4.04
1850,72.46
1851,96.42
1852,53.92
1853,7.97
1854,1.07
1855,96.08
1856,78.88
1857,73.98
1858,57.17
1859,37.37
1860,75.83
1861,99.94
1862,10.04
1863,80.88
1864,62.82
1865,46.3
1866,26.8
1867,90.82
1868,61.27
1869,42.09
1870,85.46
1871,58.72
1872,16.87
1873,90.89
1874,89.33
1875,67.19
1876,40.01
1877,62.92
1878,54.17
1879,30.52
1880,75.3
1881,8.52
1882,9.67
1883,54.06
1884,63.17
1885,47.68
1886,2.2
1887,28.04
1888,62.02
1889,6.49
1890,40.76
1891,35.56
1892,9.73
1893,45.69
1894,11.71
1895,90.17
1896,67.83
1897,36.75
1898,55.55
1899,77.48
1900,26.94
1901,87.9
1902,75.61
1903,80.48
1904,18.81
1905,99.03
1906,45.09
1907,59.39
1908,19.86
1909,14.19
1910,26.64
1911,55.7
1912,92.87
1913,96.38
1914,38.74
1915,2.44
1916,90.19
1917,78.55
1918,77.07
1919,49.21
1920,53.65
1921,66.35
1922,78.52
1923,69.29
1924,31.26
1925,33.58
1926,61.74
1927,51.52
1928,90.21
1929,21.92
1930,38.46
1931,25.46
1932,38.86
1933,31.12
1934,35.32
1935,24.19
1936,43.42
1937,1.55
1938,40.63
1939,22.32
1940,68.61
1941,7.71
1942,62.15
1943,87.9
1944,57.55
1945,91.47
1946,60.35
1947,99.73
1948,59.36
1949,48.55
1950,7.53
1951,30.28
1952,97.4
1953,27.46
1954,99.8
1955,63.97
1956,34.04
1957,0.76
1958,63.49
1959,47.24
1960,63.86
1961,68.93
1962,89.3
1963,25.66
1964,83.08
1965,89.78
1966,58.78
1967,68.98
1968,96.74
1969,3.57
1970,8.16
1971,12.65
1972,37.83
1973,92.16
1974,53.75
1975,63.13
1976,71.87
1977,50.67
1978,71.04
1979,53.19
1980,36.91
1981,75.99
1982,18.48
1983,97.86
1984,38.72
1985,0.44
1986,38.32
1987,92.24
1988,68.3
1989,43.44
1990,25.47
1991,36.25
1992,51.66
1993,61.57
1994,30.21
1995,61.22
1996,71.41
1997,53.85
1998,28.17
1999,66.35
2000,9.07
2001,52.81
2002,99.12
2003,52.06
2004,10.67
2005,80.61
2006,46.34
2007,58.69
2008,53.22
2009,89.81
2010,96.07
2011,19.66
2012,32.07
2013,86.13
2014,19.6
2015,14.69
2016,87.8
2017,60.14
2018,97.21
2019,70.2
2020,87.48
2021,69.9
2022,31.06
2023,9.86
2024,34.24
2025,34.82
2026,66.53
2027,75.39
2028,13.33
2029,42.18
2030,71.8
2031,6.5
2032,79.92
2033,9.59
2034,62.84
2035,70.83
2036,19.08
2037,13.01
2038,33.15
2039,7.67
2040,89.34
2041,59.56
2042,78.74
2043,38.22
2044,79.49
2045,6.32
2046,54.57
2047,15.26
2048,45.94
2049,63.43
2050,33.97
2051,73.29
2052,73.5
2053,66.54
2054,65.75
2055,92.23
2056,18.1
2057,90.41
2058,39.97
2059,3.64
2060,41.54
2061,55.57
2062,64.28
2063,68.63
2064,21.59
2065,92.12
2066,54.32
2067,23.79
2068,33.76
2069,86.91
2070,79.69
2071,28.49
2072,76.18
2073,62.52
2074,31.8
2075,17.39
2076,1.78
2077,83.3
2078,11.08
2079,45.43
2080,4.8
2081,50.06
2082,17.96
2083,25.42
2084,41.4
2085,15.72
2086,99.26
2087,52.47
2088,95.14
2089,71.58
2090,94.37
2091,20.82
2092,7.24
2093,62.87
2094,76.42
2095,73.33
2096,54.76
2097,42.46
2098,79.63
2099,19.0
2100,34.86
2101,61.33
2102,1.52
2103,52.25
2104,93.47
2105,44.81
2106,85.2
2107,34.08
2108,92.81
2109,65.41
2110,96.4
2111,65.22
2112,1.92
2113,58.82
2114,21.16
2115,19.45
2116,84.51
2117,42.41
2118,10.84
2119,57.85
2120,28.91
2121,45.29
2122,47.07
2123,72.3
2124,94.93
2125,61.28
2126,87.46
2127,34.37
2128,20.78
2129,95.72
2130,90.64
2131,93.64
2132,95.36
2133,63.69
2134,27.22
2135,81.16
2136,27.05
2137,43.19
2138,92.08
2139,46.12
2140,60.69
2141,15.97
2142,90.48
2143,66.68
2144,74.57
2145,97.57
2146,24.64
2147,43.0
2148,73.31
2149,55.47
2150,60.99
2151,85.33
2152,83.49
2153,41.86
2154,55.83
2155,60.59
2156,56.76
2157,23.56
2158,70.5
2159,63.86
2160,11.54
2161,49.41
2162,56.27
2163,68.1
2164,30.89
2165,82.21
2166,5.82
2167,73.84
2168,57.12
2169,41.58
2170,48.38
2171,76.82
2172,30.09
2173,96.55
2174,26.76
2175,85.44
2176,20.67
2177,76.26
2178,55.88
2179,94.49
2180,78.62
2181,36.85
2182,64.51
2183,4.82
2184,95.72
2185,28.14
2186,10.4
2187,79.57
2188,15.23
2189,61.21
2190,68.46
2191,20.76
2192,9.95
2193,30.65
2194,14.26
2195,48.56
2196,20.81
2197,94.31
2198,45.09
2199,18.66
2200,12.84
2201,59.5
2202,72.87
2203,21.6
2204,63.53
2205,3.88
2206,12.52
2207,96.77
2208,15.85
2209,94.88
2210,76.15
2211,55.35
2212,15.47
2213,89.34
2214,17.64
2215,74.47
2216,0.59
2217,97.79
2218,31.81
2219,49.56
2220,93.97
2221,39.89
2222,90.25
2223,21.39
2224,64.17
2225,45.78
2226,19.04
2227,53.07
2228,85.73
2229,12.32
2230,50.4
2231,75.04
2232,75.94
2233,39.66
2234,98.82
2235,40.1
2236,9.97
2237,12.55
2238,7.35
2239,84.67
2240,81.52
2241,75.68
2242,6.46
2243,41.17
2244,70.88
2245,71.87
2246,71.8
2247,88.91
2248,25.26
2249,45.33
2250,70.67
2251,4.75
2252,99.87
2253,1.43
2254,63.92
2255,35.21
2256,50.59
2257,29.48
2258,6.12
2259,13.16
2260,18.58
2261,90.47
2262,79.41
2263,70.51
2264,28.51
2265,50.72
2266,75.35
2267,67.73
2268,84.05
2269,8.72
2270,58.44
2271,17.09
2272,33.04
2273,75.24
2274,80.09
2275,40.26
2276,55.37
2277,79.85
2278,96.38
2279,80.33
2280,85.29
2281,10.49
2282,30.75
2283,3.67
2284,21.07
2285,89.59
2286,17.63
2287,94.89
2288,49.56
2289,52.93
2290,59.96
2291,6.6
2292,75.4
2293,25.65
2294,78.44
2295,75.86
2296,33.93
2297,9.08
2298,64.66
2299,49.23
2300,30.44
2301,31.16
2302,10.92
2303,40.2
2304,5.77
2305,58.67
2306,57.18
2307,28.74
2308,20.92
2309,1.88
2310,15.86
2311,2.87
2312,57.51
2313,74.23
2314,90.11
2315,58.22
2316,91.01
2317,75.8
2318,11.89
2319,96.17
2320,33.51
2321,99.37
2322,54.36
2323,67.63
2324,72.12
2325,69.08
2326,62.07
2327,21.6
2328,72.75
2329,45.74
2330,2.02
2331,66.82
2332,97.41
2333,30.27
2334,86.53
2335,27.09
2336,34.06
2337,69.7
2338,31.74
2339,2.23
2340,49.91
2341,83.51
2342,56.92
2343,16.77
2344,79.17
2345,46.18
2346,28.27
2347,42.28
2348,4.86
2349,71.94
2350,6.66
2351,63.51
2352,60.66
2353,31.42
2354,2.77
2355,92.44
2356,26.05
2357,87.12
2358,56.51
2359,20.84
2360,6.93
2361,82.37
2362,12.96
2363,82.04
2364,71.96
2365,8.63
2366,76.19
2367,38.12
2368,86.0
2369,27.43
2370,25.51
2371,61.94
2372,66.5
2373,83.51
2374,8.3
2375,46.81
2376,86.48
2377,97.7
2378,73.26
2379,5.87
2380,47.93
2381,47.49
2382,98.92
2383,38.11
2384,72.46
2385,88.44
2386,38.32
2387,61.93
2388,81.8
2389,82.01
2390,68.75
2391,1.59
2392,85.85
2393,62.19
2394,32.12
2395,26.56
2396,33.46
2397,73.04
2398,75.33
2399,28.01
2400,55.53
2401,37.43
2402,40.81
2403,19.21
2404,88.35
2405,18.0
2406,66.88
2407,25.92
2408,17.22
2409,44.14
2410,64.25
2411,1.17
2412,98.14
2413,37.41
2414,28.58
2415,94.93
2416,4.23
2417,38.04
2418,17.58
2419,84.48
2420,23.31
2421,29.22
2422,83.85
2423,7.27
2424,92.78
2425,21.6
2426,59.88
2427,63.23
2428,56.92
2429,27.45
2430,63.91
2431,60.37
2432,16.13
2433,34.58
2434,55.05
2435,70.85
2436,42.93
2437,35.61
2438,6.34
2439,0.88
2440,52.27
2441,50.3
2442,80.13
2443,93.0
2444,93.38
2445,42.38
2446,16.91
2447,6.98
2448,46.63
2449,31.24
2450,26.47
2451,33.6
2452,39.13
2453,9.18
2454,86.36
2455,73.15
2456,49.95
2457,4.02
2458,32.49
2459,99.48
2460,1.98
2461,1.53
2462,73.28
2463,48.16
2464,3.25
2465,13.69
2466,91.24
2467,34.09
2468,25.55
2469,48.21
2470,97.92
2471,52.62
2472,66.55
2473,62.94
2474,28.96
2475,24.49
2476,10.94
2477,24.87
2478,8.7
2479,89.29
2480,10.86
2481,21.53
2482,66.66
2483,15.02
2484,0.11
2485,94.71
2486,27.45
2487,32.19
2488,28.21
2489,73.45
2490,31.66
2491,21.09
2492,45.72
2493,75.88
2494,79.79
2495,1.55
2496,75.38
2497,51.45
2498,81.24
2499,12.57
2500,15.4
2501,15.61
2502,21.43
2503,91.06
2504,62.54
2505,51.61
2506,2.21
2507,84.35
2508,88.15
2509,8.21
2510,37.94
2511,84.19
2512,96.03
2513,10.37
2514,88.41
2515,13.27
2516,63.94
2517,91.4
2518,56.73
2519,65.26
2520,68.91
2521,22.66
2522,92.24
2523,65.94
2524,4.67
2525,66.63
2526,99.92
2527,55.25
2528,96.72
2529,88.51
2530,97.56
2531,27.26
2532,63.02
2533,93.3
2534,60.96
2535,82.0
2536,17.79
2537,77.67
2538,18.61
2539,85.02
2540,98.26
2541,79.6
2542,47.34
2543,35.01
2544,90.19
2545,57.15
2546,83.65
2547,39.68
2548,49.58
2549,97.58
2550,77.05
2551,36.55
2552,21.34
2553,44.97
2554,18.27
2555,26.7
2556,35.0
2557,61.38
2558,97.4
2559,64.88
2560,79.51
2561,5.91
2562,14.54
2563,62.55
2564,2.79
2565,66.89
2566,9.03
2567,4.42
2568,88.84
2569,16.71
2570,54.02
2571,49.92
2572,61.17
2573,19.19
2574,55.35
2575,16.93
2576,26.92
2577,82.92
2578,55.56
2579,16.91
2580,35.23
2581,19.84
2582,15.36
2583,78.71
2584,92.17
2585,6.02
2586,22.77
2587,79.87
2588,22.95
2589,58.24
2590,45.49
2591,48.78
2592,95.98
2593,97.39
2594,13.58
2595,43.64
2596,96.15
2597,53.91
2598,52.82
2599,53.79
2600,62.22
2601,85.76
2602,34.86
2603,39.84
2604,62.58
2605,5.52
2606,11.59
2607,29.72
2608,55.96
2609,93.52
2610,94.8
2611,55.23
2612,14.53
2613,35.3
2614,84.55
2615,39.46
2616,69.36
2617,14.29
2618,2.88
2619,7.08
2620,51.85
2621,24.62
2622,33.6
2623,84.59
2624,45.12
2625,60.77
2626,48.66
2627,76.21
2628,81.08
2629,37.68
2630,65.66
2631,46.46
2632,65.75
2633,77.5
2634,7.43
2635,3.12
2636,89.19
2637,29.91
2638,16.45
2639,30.9
2640,65.31
2641,26.51
2642,33.77
2643,27.35
2644,35.95
2645,81.58
2646,27.72
2647,18.93
2648,39.84
2649,24.77
2650,31.67
2651,36.31
2652,92.99
2653,68.97
2654,24.1
2655,68.12
2656,50.95
2657,96.38
2658,54.22
2659,39.01
2660,83.8
2661,50.2
2662,70.74
2663,87.13
2664,0.78
2665,61.42
2666,80.02
2667,34.56
2668,95.86
2669,74.67
2670,26.76
2671,57.15
2672,31.31
2673,58.04
2674,29.01
2675,54.95
2676,98.56
2677,2.44
2678,95.02
2679,33.03
2680,67.7
2681,36.52
2682,30.17
2683,65.35
2684,40.84
2685,60.97
2686,88.7
2687,16.98
2688,49.73
2689,77.83
2690,73.27
2691,44.2
2692,5.81
2693,18.31
2694,46.04
2695,5.07
2696,4.01
2697,65.45
2698,73.98
2699,52.15
2700,45.22
2701,34.4
2702,78.2
2703,83.76
2704,70.52
2705,44.9
2706,55.04
2707,72.44
2708,97.79
2709,78.74
2710,77.65
2711,83.74
2712,56.75
2713,27.01
2714,99.07
2715,47.57
2716,49.87
2717,69.16
2718,95.9
2719,0.27
2720,96.42
2721,40.95
2722,88.49
2723,99.94
2724,54.52
2725,29.61
2726,83.35
2727,54.64
2728,77.78
2729,68.61
2730,37.31
2731,22.93
2732,49.6
2733,86.64
2734,62.85
2735,73.6
2736,36.07
2737,95.32
2738,91.35
2739,32.56
2740,27.22
2741,78.55
2742,78.49
2743,39.8
2744,36.59
2745,90.11
2746,66.23
2747,68.08
2748,14.51
2749,24.97
2750,50.1
2751,13.91
2752,61.72
2753,3.7
2754,81.23
2755,43.12
2756,77.45
2757,18.14
2758,31.02
2759,31.03
2760,28.42
2761,65.8
2762,44.16
2763,33.41
2764,82.69
2765,46.64
2766,11.3
2767,33.56
2768,90.58
2769,10.03
2770,87.64
2771,38.49
2772,91.61
2773,62.64
2774,26.18
2775,52.94
2776,47.6
2777,55.17
2778,56.56
2779,90.51
2780,20.79
2781,56.24
2782,15.19
2783,91.36
2784,53.04
2785,2.89
2786,82.64
2787,62.22
2788,77.06
2789,95.44
2790,77.05
2791,14.88
2792,26.12
2793,27.03
2794,46.05
2795,38.28
2796,92.91
2797,76.52
2798,87.48
2799,68.86
2800,1.6
2801,97.28
2802,50.57
2803,53.96
2804,46.34
2805,43.29
2806,2.93
2807,62.87
2808,72.2
2809,24.16
2810,24.39
2811,4.53
2812,69.82
2813,8.46
2814,19.11
2815,99.83
2816,98.03
2817,58.49
2818,25.32
2819,36.88
2820,98.7
2821,67.61
2822,53.68
2823,95.1
2824,10.27
2825,75.26
2826,52.81
2827,68.63
2828,53.34
2829,6.9
2830,41.07
2831,65.72
2832,8.64
2833,93.98
2834,95.61
2835,53.38
2836,57.69
2837,7.42
2838,75.47
2839,71.38
2840,34.17
2841,98.98
2842,65.94
2843,80.62
2844,0.62
2845,10.18
2846,46.84
2847,38.23
2848,70.63
2849,60.77
2850,70.97
2851,73.72
2852,33.52
2853,90.23
2854,71.53
2855,77.25
2856,48.02
2857,34.58
2858,40.41
2859,38.5
2860,7.44
2861,76.99
2862,35.2
2863,29.53
2864,22.04
2865,59.59
2866,97.11
2867,30.16
2868,98.03
2869,83.33
2870,67.97
2871,26.69
2872,67.22
2873,90.6
2874,59.76
2875,82.53
2876,1.48
2877,86.33
2878,43.31
2879,51.19
2880,96.12
2881,33.08
2882,41.8
2883,15.41
2884,47.44
2885,18.39
2886,14.87
2887,98.8
2888,48.74
2889,18.92
2890,43.36
2891,66.32
2892,84.25
2893,41.39
2894,11.2
2895,48.75
2896,62.56
2897,87.95
2898,80.04
2899,41.11
2900,47.87
2901,38.17
2902,40.06
2903,29.54
2904,69.79
2905,22.86
2906,92.6
2907,11.94
2908,86.35
2909,6.39
2910,63.05
2911,95.18
2912,45.5
2913,13.71
2914,72.53
2915,40.71
2916,15.87
2917,43.04
2918,79.8
2919,78.49
2920,6.03
2921,11.76
2922,54.48
2923,33.18
2924,47.46
2925,34.17
2926,39.55
2927,51.51
2928,21.81
2929,53.56
2930,44.57
2931,61.05
2932,11.03
2933,15.48
2934,52.02
2935,11.15
2936,22.69
2937,49.06
2938,7.71
2939,95.51
2940,43.68
2941,27.39
2942,62.48
2943,4.4
2944,47.1
2945,66.58
2946,99.92
2947,25.34
2948,82.19
2949,3.98
2950,30.28
2951,42.84
2952,48.68
2953,60.01
2954,59.68
2955,5.17
2956,62.67
2957,91.86
2958,10.56
2959,35.35
2960,75.54
2961,47.64
2962,41.71
2963,1.87
2964,97.68
2965,51.72
2966,39.5
2967,46.2
2968,60.88
2969,94.12
2970,21.35
2971,23.68
2972,24.13
2973,36.28
2974,11.43
2975,57.45
2976,37.85
2977,25.26
2978,90.15
2979,42.54
2980,50.97
2981,96.09
2982,21.3
2983,3.95
2984,26.88
2985,90.72
2986,31.56
2987,71.18
2988,97.64
2989,63.55
2990,83.98
2991,2.67
2992,1.34
2993,73.54
2994,61.68
2995,62.35
2996,15.81
2997,62.49
2998,43.54
2999,46.84
3000,87.87
3001,28.82
3002,26.78
3003,27.27
3004,48.7
3005,69.77
3006,72.96
3007,44.16
3008,75.15
3009,59.06
3010,43.09
3011,31.16
3012,81.26
3013,53.65
3014,76.57
3015,67.67
3016,95.98
3017,18.02
3018,5.58
3019,62.45
3020,72.58
3021,0.04
3022,98.45
3023,95.57
3024,44.83
3025,77.23
3026,63.85
3027,90.22
3028,86.1
3029,95.68
3030,91.89
3031,61.35
3032,24.49
3033,12.48
3034,9.19
3035,15.63
3036,11.76
3037,17.44
3038,60.81
3039,59.56
3040,6.32
3041,13.2
3042,48.33
3043,67.0
3044,5.45
3045,42.2
3046,31.53
3047,68.92
3048,11.89
