1,84.65
2,96.08
3,26.51
4,50.96
5,96.45
6,2.42
7,11.96
8,6.21
9,73.01
10,89.33
1,23.32
2,78.39
3,93.06
4,86.19
5,73.33
6,79.28
7,5.34
8,26.65
9,82.45
10,45.27
11,34.62
12,97.53
13,51.41
14,50.26
15,71.36
16,68.34
17,36.4
18,83.6
19,5.06
20,16.96
21,7.74
22,70.34
23,38.9
24,40.92
25,46.32
26,87.12
27,8.98
28,16.9
29,96.66
30,69.74
31,86.22
32,91.26
33,57.28
34,34.36
35,49.82
36,22.73
37,85.73
38,45.77
39,38.67
40,20.31
41,96.52
42,52.12
43,85.72
44,36.66
45,9.95
46,56.23
47,57.8
48,52.5
49,63.28
50,31.95
51,63.58
52,73.64
53,3.13
54,32.76
55,65.72
56,8.22
57,55.09
58,0.68
59,27.47
60,30.12
61,92.26
62,67.81
63,11.66
64,40.4
65,50.7
66,25.13
67,60.46
68,21.21
69,85.55
70,16.98
71,40.7
72,57.5
73,77.25
74,66.99
75,55.34
76,3.89
77,73.67
78,68.63
79,26.06
80,85.12
81,81.65
82,99.81
83,15.12
84,70.99
85,46.57
86,66.3
87,62.91
88,14.47
89,94.86
90,55.37
91,39.72
92,53.92
93,70.33
94,17.07
95,31.27
96,16.37
97,82.37
98,60.54
99,96.75
100,19.5
101,30.47
102,72.1
103,7.09
104,58.13
105,90.22
106,68.17
107,41.55
108,67.96
109,57.58
110,83.85
111,26.07
112,85.72
113,26.56
114,89.37
115,75.22
116,1.09
117,62.82
118,62.28
119,36.68
120,95.12
121,3.37
122,65.39
123,73.17
124,31.18
125,79.3
126,43.12
127,52.3
128,79.34
129,95.7
130,31.66
131,30.46
132,10.8
133,51.09
134,12.68
135,90.01
136,69.56
137,1.27
138,18.11
139,29.05
140,43.89
141,14.09
142,5.83
143,7.36
144,0.66
145,71.56
146,10.23
147,19.74
148,1.61
149,63.6
150,61.94
151,80.1
152,52.06
153,25.38
154,61.42
155,56.31
156,17.08
157,75.45
158,25.09
159,50.27
160,74.51
161,34.11
162,47.52
163,51.6
164,46.48
165,18.98
166,14.09
167,14.57
168,11.69
169,87.84
170,21.69
171,50.64
172,21.98
173,26.15
174,69.12
175,83.45
176,89.04
177,27.29
178,18.96
179,76.04
180,54.48
181,99.53
182,5.09
183,60.0
184,98.54
185,39.28
186,38.16
187,44.84
188,46.65
189,90.71
190,84.53
191,88.82
192,75.43
193,75.45
194,34.57
195,58.18
196,69.28
197,41.09
198,39.51
199,48.65
200,45.57
201,66.69
202,72.09
203,39.29
204,29.26
205,7.17
206,3.06
207,44.42
208,80.1
209,91.93
210,55.4
211,92.46
212,10.1
213,38.06
214,5.05
215,63.75
216,98.52
217,17.12
218,83.07
219,4.07
220,60.63
221,16.06
222,19.26
223,32.35
224,40.2
225,51.39
226,97.3
227,59.55
228,83.31
229,87.66
230,74.2
231,23.06
232,21.38
233,51.36
234,28.84
235,4.1
236,3.21
237,46.76
238,60.69
239,2.48
240,22.56
241,3.99
242,61.74
243,99.58
244,1.78
245,78.62
246,63.67
247,99.42
248,1.41
249,42.66
250,19.48
251,35.93
252,22.56
253,75.85
254,72.04
255,86.23
256,22.55
257,81.51
258,56.29
259,44.88
260,6.97
261,77.22
262,90.7
263,48.6
264,6.95
265,7.65
266,22.85
267,61.5
268,93.73
269,14.9
270,28.24
271,44.57
272,22.95
273,28.36
274,18.39
275,14.82
276,29.45
277,59.09
278,52.38
279,7.91
280,61.5
281,50.15
282,68.22
283,88.99
284,85.45
285,30.22
286,27.92
287,40.48
288,2.48
289,92.72
290,3.02
291,40.14
292,62.39
293,16.9
294,45.36
295,59.56
296,68.54
297,51.27
298,48.97
299,23.44
300,94.32
301,18.77
302,43.39
303,89.66
304,70.06
305,84.04
306,26.59
307,63.05
308,12.32
309,87.32
310,89.39
311,54.54
312,4.81
313,23.16
314,50.88
315,20.62
316,11.84
317,60.32
318,21.21
319,64.18
320,48.75
321,25.31
322,28.17
323,49.51
324,80.57
325,32.98
326,31.74
327,56.37
328,89.6
329,5.21
330,9.08
331,4.62
332,81.88
333,14.41
334,99.71
335,72.2
336,57.39
337,10.63
338,76.36
339,68.27
340,73.09
341,82.97
342,67.0
343,31.39
344,66.03
345,66.55
346,21.41
347,71.12
348,1.71
349,9.12
350,9.61
351,86.76
352,83.03
353,96.28
354,8.64
355,24.08
356,69.42
357,78.95
358,78.28
359,84.88
360,69.04
361,63.96
362,54.29
363,80.6
364,33.6
365,86.38
366,41.14
367,38.82
368,8.69
369,9.53
370,94.79
371,47.6
372,68.42
373,27.59
374,98.48
375,51.83
376,56.39
377,8.35
378,96.37
379,41.46
380,97.15
381,92.53
382,76.0
383,85.85
384,36.24
385,84.36
386,30.39
387,90.04
388,71.62
389,94.36
390,55.69
391,71.71
392,46.44
393,37.26
394,52.1
395,38.27
396,84.93
397,2.39
398,45.63
399,94.69
400,16.83
401,11.18
402,7.55
403,85.67
404,97.96
405,52.36
406,41.37
407,33.75
408,94.45
409,85.0
410,18.6
411,93.67
412,0.52
413,73.23
414,47.56
415,21.5
416,28.6
417,78.13
418,35.44
419,64.78
420,95.93
421,27.92
422,32.21
423,19.03
424,78.17
425,11.08
426,66.51
427,38.37
428,96.27
429,19.2
430,4.74
431,56.93
432,44.55
433,35.17
434,30.26
435,61.36
436,31.75
437,38.21
438,86.26
439,90.2
440,58.73
441,84.42
442,6.53
443,60.68
444,64.6
445,70.61
446,88.9
447,51.68
448,43.43
449,95.34
450,2.25
451,28.2
452,59.0
453,80.84
454,45.99
455,62.68
456,29.45
457,26.38
458,50.41
459,91.65
460,80.76
461,34.8
462,47.77
463,8.1
464,7.21
465,81.81
466,1.93
467,93.65
468,53.92
469,92.33
470,44.49
471,49.92
472,56.68
473,0.88
474,40.86
475,71.51
476,2.45
477,50.01
478,57.21
479,93.95
480,83.27
481,42.62
482,62.99
483,96.68
484,58.46
485,79.41
486,32.23
487,11.27
488,41.73
489,12.76
490,95.58
491,18.46
492,83.31
493,84.41
494,25.18
1,82.35
2,89.73
3,66.24
4,3.9
5,49.08
6,46.29
7,14.72
8,19.91
9,38.4
10,14.61
11,65.47
12,39.44
13,44.93
14,33.37
15,41.62
16,81.42
17,30.21
18,46.14
19,75.37
20,5.15
21,6.58
22,28.34
23,36.7
24,78.0
25,6.16
26,61.83
27,3.11
28,40.32
29,73.77
30,98.96
31,10.77
32,75.44
33,87.29
34,42.06
35,42.88
36,40.75
37,69.33
38,50.05
39,83.91
40,50.2
41,85.33
42,54.33
43,60.19
44,48.98
45,56.7
46,48.49
47,39.57
48,13.76
49,58.24
50,25.55
51,62.83
52,61.92
53,30.92
54,28.92
55,60.54
56,48.77
57,80.5
58,43.03
59,95.07
60,71.39
61,19.67
62,53.95
63,73.91
64,55.25
65,23.8
66,29.48
67,80.63
68,80.77
69,59.41
70,33.32
71,97.02
72,70.14
73,1.59
74,77.84
75,37.73
76,7.86
77,11.06
78,37.52
79,68.79
80,23.0
81,48.09
82,19.46
83,80.19
84,66.62
85,11.93
86,79.86
87,86.69
88,83.21
89,27.23
90,0.42
91,20.66
92,73.25
93,52.06
94,23.44
95,15.87
96,13.95
97,76.3
98,5.37
99,41.43
100,5.79
101,93.26
102,61.74
103,90.55
104,0.52
105,89.77
106,78.23
107,57.24
108,30.98
109,11.38
110,18.21
111,95.79
112,89.54
113,59.89
114,66.48
115,85.0
116,56.99
117,16.44
118,57.61
119,82.03
120,63.7
121,90.94
122,8.73
123,20.17
124,49.89
125,6.16
126,54.07
127,36.16
128,45.78
129,27.39
130,18.69
131,61.32
132,96.19
133,87.07
134,86.92
135,94.99
136,89.63
137,38.91
138,29.24
139,86.86
140,38.27
141,94.17
142,68.69
143,63.68
144,94.58
145,89.91
146,71.98
147,59.73
148,91.25
149,64.65
150,26.91
151,50.04
152,58.82
153,54.54
154,44.4
155,21.34
156,22.29
157,28.16
158,40.94
159,91.17
160,39.23
161,55.05
162,23.12
163,22.05
164,64.67
165,85.05
166,30.39
167,99.23
168,3.4
169,9.69
170,47.31
171,40.76
172,28.51
173,30.39
174,96.36
175,83.94
176,60.83
177,99.63
178,17.98
179,32.58
180,4.65
181,35.91
182,56.14
183,71.9
184,30.82
185,80.3
186,38.21
187,66.29
188,90.08
189,45.01
190,0.08
191,57.55
192,76.12
193,72.36
194,51.01
195,36.47
196,83.21
197,2.55
198,20.18
199,26.44
200,11.13
201,96.99
202,22.61
203,64.63
204,17.81
205,17.42
206,37.64
207,29.23
208,20.55
209,44.65
210,40.3
211,23.1
212,68.87
213,70.85
214,55.86
215,86.49
216,8.77
217,79.65
218,81.91
219,8.3
220,60.71
221,34.84
222,8.78
223,47.16
224,12.33
225,42.24
226,27.89
227,35.26
228,70.87
229,39.28
230,52.42
231,35.4
232,0.8
233,62.38
234,44.49
235,9.66
236,40.9
237,29.68
238,41.47
239,75.44
240,24.12
241,55.74
242,48.43
243,89.03
244,53.36
245,15.1
246,3.08
247,99.45
248,75.86
249,83.84
250,37.62
251,6.35
252,6.55
253,58.42
254,85.48
255,35.67
256,1.63
257,89.93
258,22.99
259,13.52
260,46.55
261,81.86
262,25.8
263,9.78
264,44.93
265,61.91
266,76.78
267,68.04
268,72.6
269,4.6
270,86.95
271,2.44
272,52.06
273,1.97
274,15.89
275,93.74
276,23.44
277,88.16
278,36.89
279,48.42
280,96.45
281,73.97
282,11.07
283,15.48
284,98.95
285,68.86
286,38.52
287,80.43
288,37.3
289,16.82
290,44.71
291,64.78
292,97.42
293,38.76
294,92.59
295,84.43
296,57.15
297,28.99
298,68.28
299,66.99
300,68.52
301,15.32
302,45.34
303,24.55
304,60.83
305,47.57
306,46.42
307,15.7
308,52.71
309,20.1
310,29.29
311,53.62
312,83.81
313,52.79
314,59.42
315,53.8
316,92.53
317,39.61
318,73.14
319,27.8
320,83.67
321,10.75
322,20.45
323,18.24
324,92.77
325,28.49
326,34.61
327,28.03
328,18.32
329,42.9
330,35.85
331,4.18
332,70.33
333,37.2
334,28.52
335,7.95
336,11.13
337,85.63
338,79.51
339,48.46
340,82.59
341,89.0
342,16.76
343,26.74
344,15.96
345,9.0
346,68.2
347,64.81
348,87.5
349,81.87
350,89.75
351,77.37
352,30.57
353,23.1
354,18.41
355,19.48
356,35.49
357,97.77
358,85.7
359,63.41
360,58.88
361,97.25
362,67.38
363,71.53
364,55.06
365,94.95
366,77.15
367,5.03
368,77.59
369,20.85
370,64.85
371,58.14
372,68.03
373,18.36
374,33.31
375,95.84
376,29.04
377,0.68
378,68.5
379,96.61
380,28.65
381,91.82
382,66.2
383,14.67
384,56.44
385,71.17
386,72.28
387,80.54
388,33.89
389,16.03
390,86.92
391,52.75
392,29.46
393,28.88
394,23.71
395,13.83
396,51.95
397,80.97
398,54.15
399,42.32
400,26.25
401,41.72
402,3.32
403,5.52
404,82.29
405,86.19
406,82.31
407,58.93
408,7.15
409,56.47
410,82.64
411,22.7
412,3.55
413,20.33
414,15.84
415,21.73
416,87.71
417,36.83
418,70.38
419,41.99
420,36.29
421,83.8
422,33.51
423,96.96
424,54.68
425,38.24
426,76.54
427,92.44
428,99.82
429,45.58
430,6.5
431,2.06
432,12.19
433,23.56
434,21.41
435,40.55
436,96.29
437,93.63
438,77.53
439,56.09
440,18.08
441,26.61
442,56.93
443,48.91
444,49.05
445,66.53
446,22.71
447,2.91
448,43.11
449,72.51
450,0.06
451,11.75
452,7.12
453,93.36
454,19.38
455,89.86
456,55.54
457,6.44
458,93.56
459,30.4
460,23.05
461,98.1
462,35.28
463,54.47
464,83.51
465,57.06
466,14.97
467,5.74
468,11.17
469,13.46
470,69.65
471,61.3
472,6.9
473,80.09
474,25.19
475,34.01
476,15.9
477,3.41
478,74.92
479,97.85
480,92.32
481,20.48
482,4.9
483,80.98
484,31.4
485,22.88
486,44.19
487,38.8
488,26.32
489,51.15
490,75.7
491,43.52
492,97.33
493,38.7
494,4.28
495,34.47
496,73.56
497,63.19
498,37.9
499,16.72
500,34.47
501,20.43
502,72.31
503,99.03
504,36.0
505,37.16
506,49.08
507,58.59
508,5.06
509,70.62
510,39.33
511,18.11
512,97.91
513,84.99
514,89.2
515,66.49
516,77.33
517,25.06
518,0.72
519,26.01
520,70.77
521,16.92
522,0.09
523,26.19
524,66.44
525,33.35
526,25.7
527,67.19
528,61.82
529,72.88
530,26.01
531,3.42
532,87.59
533,70.84
534,85.58
535,45.06
536,23.23
537,91.91
538,76.7
539,42.85
540,76.86
541,4.5
542,67.58
543,9.0
544,43.44
545,31.9
546,63.31
547,0.81
548,14.95
549,30.59
550,72.03
551,62.51
552,24.97
553,88.83
554,37.16
555,9.29
556,35.22
557,78.11
558,27.56
559,25.39
560,30.33
561,83.65
562,65.04
563,32.22
564,71.89
565,3.37
566,10.16
567,20.57
568,45.52
569,31.76
570,60.56
571,49.65
572,35.66
573,64.34
574,62.73
575,59.49
576,92.96
577,65.14
578,91.0
579,38.52
580,18.01
581,96.2
582,13.82
583,84.79
584,99.28
585,41.9
586,84.57
587,38.7
588,23.04
589,34.53
590,82.3
591,60.86
592,55.18
593,38.85
594,63.37
595,84.96
596,15.13
597,44.52
598,19.48
599,56.53
600,57.72
601,49.02
602,43.51
603,13.09
604,17.0
605,76.42
606,39.23
607,17.15
608,30.54
609,73.66
610,92.06
611,17.24
612,4.5
613,26.55
614,64.41
615,33.33
616,63.68
617,92.6
618,75.46
619,98.19
620,76.5
621,85.68
622,52.59
623,27.42
624,31.37
625,69.43
626,53.66
627,17.6
628,23.64
629,45.54
630,63.7
631,48.65
632,81.99
633,29.08
634,86.2
635,79.17
636,52.51
637,26.14
638,18.24
639,61.55
640,21.75
641,78.69
642,68.49
643,94.25
644,2.29
645,86.42
646,77.07
647,7.76
648,15.99
649,84.65
650,64.6
651,77.23
652,43.79
653,19.35
654,35.26
655,38.3
656,47.92
657,53.05
658,55.67
659,63.99
660,89.63
661,19.96
662,72.59
663,74.9
664,84.46
665,1.12
666,24.34
667,91.87
668,38.42
669,75.78
670,27.98
671,49.23
672,44.48
673,62.8
674,53.68
675,91.24
676,56.47
677,66.33
678,66.11
679,78.0
680,66.18
681,96.67
682,26.21
683,60.88
684,98.96
685,66.53
686,7.0
687,33.42
688,80.98
689,99.87
690,56.31
691,80.14
692,5.42
693,18.69
694,61.52
695,41.49
696,85.41
697,66.56
698,31.49
699,6.23
700,42.96
701,44.83
702,3.97
703,74.24
704,12.84
705,16.25
706,91.91
707,56.57
708,95.3
709,32.98
710,89.02
711,96.86
712,3.87
713,81.11
714,67.31
715,78.88
716,54.77
717,56.0
718,32.16
719,28.31
720,56.61
721,37.18
722,49.47
723,23.08
724,3.56
725,79.44
726,65.66
727,29.14
728,1.3
729,53.8
730,66.6
731,2.67
732,27.2
733,47.37
734,62.14
735,41.43
736,5.91
737,34.03
738,61.64
739,18.9
740,88.62
741,4.73
742,87.94
743,27.75
744,87.75
745,31.54
746,57.3
747,3.57
748,1.93
749,28.79
750,13.52
751,22.66
752,58.01
753,42.75
754,61.82
755,18.52
756,41.49
757,66.49
758,30.69
759,48.79
760,45.52
761,5.02
762,88.26
763,28.57
764,93.01
765,0.34
766,36.08
767,33.97
768,81.28
769,16.54
770,93.25
771,23.11
772,80.2
773,84.11
774,38.55
775,48.95
776,96.46
777,14.51
778,42.93
779,20.0
780,56.13
781,31.5
782,0.54
783,66.79
784,6.24
785,92.27
786,91.96
787,58.66
788,20.97
789,6.37
790,54.78
791,30.64
792,33.99
793,61.25
794,63.32
795,71.08
796,44.07
797,73.08
798,3.16
799,78.06
800,62.31
801,29.25
802,76.75
803,44.14
804,4.57
805,1.26
806,94.32
807,81.96
808,10.65
809,79.83
810,16.72
811,32.05
812,80.25
813,71.95
814,46.43
815,67.24
816,34.6
817,84.28
818,58.52
819,33.39
820,22.32
821,43.54
822,34.42
823,55.61
824,52.83
825,57.6
826,96.98
827,46.79
828,95.05
829,20.99
830,17.81
831,63.95
832,30.92
833,11.87
834,0.06
835,38.3
836,85.69
837,81.41
838,96.22
839,64.03
840,23.18
841,99.06
842,54.78
843,86.65
844,45.88
845,54.54
846,48.22
847,35.1
848,81.57
849,81.17
850,80.41
851,53.89
852,14.17
853,99.8
854,29.34
855,55.39
856,2.59
857,59.66
858,0.63
859,44.93
860,40.2
861,62.7
862,32.35
863,63.43
864,35.91
865,90.14
866,45.8
867,80.73
868,10.61
869,2.23
870,99.17
871,10.15
872,1.38
873,55.47
874,46.78
875,41.99
876,27.11
877,64.61
878,60.24
879,56.49
880,0.88
881,84.34
882,15.26
883,74.47
884,64.79
885,81.94
886,24.99
887,53.34
888,69.26
889,22.74
890,18.9
891,13.77
892,40.23
893,59.37
894,98.84
895,3.46
896,2.33
897,91.71
898,22.13
899,42.02
900,25.93
901,76.9
902,56.96
903,54.29
904,0.42
905,84.61
906,53.26
907,18.18
908,3.25
909,8.58
910,88.92
911,36.07
912,49.63
913,70.45
914,56.03
915,51.16
916,64.48
917,44.41
918,16.58
919,55.93
920,49.58
921,68.77
922,33.87
923,98.61
924,41.58
925,2.6
926,4.99
927,86.14
928,50.98
929,44.55
930,47.38
931,48.54
932,11.83
933,34.64
934,84.02
935,57.47
936,3.83
937,68.11
938,72.55
939,40.42
940,2.08
941,89.08
942,58.31
943,37.53
944,11.61
945,50.65
946,73.39
947,87.22
948,52.04
949,17.45
950,78.15
951,42.38
952,97.56
953,5.25
954,59.89
955,14.67
956,19.22
957,14.2
958,11.82
959,47.97
960,11.96
961,77.91
962,28.36
963,48.04
964,25.82
965,18.19
966,55.16
967,78.61
968,63.69
969,50.27
970,96.68
971,11.26
972,28.05
973,11.42
974,7.69
975,41.73
976,39.64
977,49.08
978,99.41
979,43.0
980,69.34
981,84.93
982,8.15
983,73.24
984,60.99
985,5.98
986,5.17
987,86.2
988,64.43
989,44.68
990,66.73
991,48.05
992,78.38
993,15.42
994,98.78
995,78.3
996,16.77
997,55.64
998,27.15
999,95.48
1000,3.92
1001,54.07
1002,35.81
1003,8.7
1004,1.74
1005,52.56
1006,16.26
1007,4.52
1008,36.01
1009,27.65
1010,64.34
1011,85.69
1012,71.46
1013,43.45
1014,45.6
1015,11.13
1016,58.75
1017,76.84
1018,25.86
1019,72.05
1020,64.05
1021,58.46
1022,7.3
1023,4.84
1024,9.11
1025,81.37
1026,21.88
1027,68.06
1028,41.95
1029,57.43
1030,78.69
1031,45.34
1032,46.17
1033,21.01
1034,58.83
1035,21.89
1036,91.97
1037,36.59
1038,30.55
1039,35.96
1040,87.01
1041,52.35
1042,14.66
1043,84.59
1044,1.4
1045,40.43
1046,67.34
1047,24.23
1048,57.02
1049,21.42
1050,28.58
1051,85.76
1052,41.71
1053,34.58
1054,14.06
1055,39.96
1056,68.7
1057,33.13
1058,53.19
1059,27.94
1060,51.22
1061,47.75
1062,9.95
1063,45.09
1064,23.42
1065,62.12
1066,80.53
1067,26.71
1068,93.18
1069,26.74
1070,99.48
1071,5.5
1072,26.03
1073,34.53
1074,34.64
1075,50.77
1076,68.49
1077,28.04
1078,22.41
1079,85.47
1080,87.63
1081,93.12
1082,25.46
1083,4.31
1084,8.84
1085,92.94
1086,16.21
1087,1.82
1088,11.99
1089,86.35
1090,86.01
1091,86.89
1092,39.53
1093,68.82
1094,88.93
1095,22.51
1096,73.6
1097,15.93
1098,40.27
1099,88.65
1100,85.65
1101,24.8
1102,84.39
1103,87.23
1104,51.33
1105,66.89
1106,74.67
1107,19.97
1108,87.61
1109,43.13
1110,83.44
1111,62.49
1112,95.55
1113,17.4
1114,15.56
1115,4.6
1116,19.29
1117,93.29
1118,15.02
1119,68.74
1120,66.78
1121,92.23
1122,6.62
1123,20.37
1124,0.65
1125,99.18
1126,63.37
1127,70.22
1128,24.38
1129,86.27
1130,98.78
1131,52.51
1132,78.03
1133,78.53
1134,93.59
1135,24.11
1136,79.45
1137,64.77
1138,41.44
1139,70.95
1140,63.28
1141,16.29
1142,11.71
1143,16.51
1144,78.35
1145,1.64
1146,22.46
1147,68.65
1148,50.52
1149,38.6
1150,4.78
1151,46.03
1152,88.11
1153,18.47
1154,6.39
1155,92.42
1156,26.88
1157,63.51
1158,59.32
1159,71.01
1160,61.11
1161,88.78
1162,26.76
1163,74.77
1164,82.41
1165,96.61
1166,35.61
1167,2.13
1168,62.5
1169,84.98
1170,99.41
1171,72.68
1172,62.98
1173,74.39
1174,49.42
1175,76.37
1176,59.5
1177,63.1
1178,55.42
1179,2.0
1180,10.67
1181,29.57
1182,23.64
1183,73.0
1184,33.64
1185,23.75
1186,38.29
1187,46.37
1188,52.51
1189,16.77
1190,64.56
1191,11.0
1192,48.28
1193,44.82
1194,37.86
1195,56.31
1196,5.01
1197,62.84
1198,70.8
1199,97.38
1200,28.22
1201,93.82
1202,0.95
1203,14.13
1204,89.98
1205,69.23
1206,75.28
1207,85.67
1208,6.08
1209,62.61
1210,90.73
1211,55.22
1212,8.25
1213,66.01
1214,34.81
1215,97.96
1216,99.79
1217,72.46
1218,97.71
1219,43.07
1220,40.62
1221,59.94
1222,77.15
1223,84.09
1224,90.42
1225,75.63
1226,69.71
1227,89.26
1228,54.18
1229,37.24
1230,89.62
1231,40.26
1232,2.02
1233,23.03
1234,25.43
1235,95.7
1236,7.32
1237,3.84
1238,29.59
1239,11.87
1240,41.52
1241,75.4
1242,9.09
1243,21.97
1244,30.08
1245,47.6
1246,81.44
1247,63.1
1248,42.69
1249,71.65
1250,15.91
1251,36.61
1252,41.64
1253,63.51
1254,48.46
1255,81.74
1256,94.14
1257,94.85
1258,76.21
1259,13.82
1260,45.74
1261,49.35
1262,85.73
1263,72.54
1264,20.38
1265,78.99
1266,11.36
1267,76.12
1268,99.4
1269,90.04
1270,4.39
1271,35.76
1272,99.99
1273,46.46
1274,37.52
1275,9.87
1276,15.9
1277,80.91
1278,34.06
1279,78.03
1280,22.77
1281,14.26
1282,84.36
1283,55.35
1284,7.3
1285,55.75
1286,19.03
1287,4.95
1288,10.89
1289,55.3
1290,44.22
1291,85.02
1292,2.73
1293,56.64
1294,66.07
1295,21.47
1296,23.45
1297,38.33
1298,40.33
1299,10.35
1300,77.52
1301,29.28
1302,57.22
1303,72.06
1304,7.23
1305,18.69
1306,43.4
1307,4.71
1308,6.73
1309,51.8
1310,65.02
1311,33.15
1312,79.89
1313,40.68
1314,32.77
1315,24.68
1316,87.85
1317,93.75
1318,24.84
1319,62.2
1320,98.59
1321,50.37
1322,49.4
1323,79.04
1324,4.23
1325,86.02
1326,54.85
1327,18.33
1328,74.44
1329,94.6
1330,80.46
1331,85.12
1332,40.27
1333,63.33
1334,12.14
1335,60.04
1336,59.11
1337,4.26
1338,2.28
1339,37.93
1340,96.19
1341,20.39
1342,1.69
1343,22.01
1344,89.45
1345,40.06
1346,62.93
1347,31.32
1348,31.89
1349,4.99
1350,27.47
1351,55.57
1352,95.56
1353,23.89
1354,42.96
1355,28.63
1356,24.47
1357,25.38
1358,51.67
1359,41.04
1360,28.24
1361,8.85
1362,13.19
1363,44.88
1364,33.35
1365,8.78
1366,17.77
1367,74.44
1368,18.05
1369,95.29
1370,51.25
1371,27.59
1372,60.28
1373,41.54
1374,64.56
1375,28.49
1376,38.78
1377,37.34
1378,20.74
1379,99.69
1380,25.49
1381,3.43
1382,53.96
1383,49.83
1384,5.92
1385,30.46
1386,80.56
1387,5.81
1388,79.63
1389,3.85
1390,96.72
1391,35.74
1392,42.19
1393,96.43
1394,69.34
1395,51.46
1396,84.11
1397,10.14
1398,6.66
1399,1.17
1400,14.26
1401,94.11
1402,29.89
1403,49.81
1404,10.23
1405,85.49
1406,54.39
1407,52.65
1408,2.94
1409,30.21
1410,47.97
1411,13.98
1412,96.99
1413,26.15
1414,94.47
1415,82.99
1416,91.46
1417,9.69
1418,47.48
1419,48.96
1420,95.83
1421,46.21
1422,95.95
1423,67.33
1424,57.28
1425,79.5
1426,25.71
1427,20.85
1428,87.04
1429,43.56
1430,68.3
1431,44.32
1432,22.42
1433,77.58
1434,99.7
1435,34.56
1436,85.79
1437,32.47
1438,45.35
1439,21.53
1440,53.89
1441,57.43
1442,38.49
1443,70.27
1444,18.24
1445,31.31
1446,55.7
1447,75.04
1448,56.26
1449,19.7
1450,79.98
1451,53.86
1452,70.69
1453,38.71
1454,7.82
1455,24.33
1456,92.38
1457,53.35
1458,22.68
1459,71.13
1460,7.03
1461,82.38
1462,79.15
1463,91.29
1464,81.79
1465,7.61
1466,71.37
1467,59.67
1468,37.69
1469,0.04
1470,55.42
1471,79.38
1472,70.67
1473,57.24
1474,20.41
1475,80.72
1476,95.22
1477,90.72
1478,7.4
1479,9.87
1480,62.92
1481,48.18
1482,76.64
1483,64.29
1484,71.2
1485,89.83
1486,72.69
1487,90.22
1488,27.87
1489,87.25
1490,85.09
1491,12.53
1492,97.55
1493,72.08
1494,10.75
1495,43.1
1496,89.05
1497,94.85
1498,79.6
1499,31.39
1500,51.87
1501,12.74
1502,44.92
1503,5.28
1504,28.41
1505,94.85
1506,96.16
1507,11.79
1508,51.9
1509,77.64
1510,29.4
1511,64.97
1512,15.91
1513,52.5
1514,71.64
1515,64.59
1516,78.28
1517,0.82
1518,0.82
1519,74.05
1520,75.36
1521,93.81
1522,50.57
1523,9.6
1524,27.99
1525,47.37
1526,91.54
1527,31.73
1528,39.0
1529,60.16
1530,66.19
1531,8.54
1532,90.36
1533,17.75
1534,16.76
1535,90.52
1536,81.09
1537,66.14
1538,31.08
1539,4.54
1540,76.15
1541,76.72
1542,40.55
1543,9.29
1544,62.9
1545,4.12
1546,91.77
1547,81.77
1548,69.12
1549,61.94
1550,30.63
1551,86.79
1552,2.62
1553,38.28
1554,28.0
1555,55.37
1556,64.52
1557,60.21
1558,78.35
1559,28.9
1560,50.26
1561,8.17
1562,67.71
1563,57.83
1564,98.7
1565,31.61
1566,46.81
1567,45.47
1568,78.0
1569,14.08
1570,99.61
1571,51.03
1572,33.69
1573,57.09
1574,26.03
1575,58.15
1576,94.11
1577,65.75
1578,53.1
1579,20.61
1580,97.38
1581,56.22
1582,25.72
1583,30.84
1584,86.5
1585,80.33
1586,48.85
1587,36.31
1588,78.65
1589,88.97
1590,59.81
1591,2.83
1592,54.92
1593,0.38
1594,50.38
1595,21.44
1596,4.95
1597,92.1
1598,96.62
1599,58.91
1600,70.74
1601,95.38
1602,27.36
1603,58.42
1604,48.75
1605,2.92
1606,62.7
1607,98.49
1608,29.68
1609,66.84
1610,45.75
1611,32.69
1612,72.1
1613,2.37
1614,92.26
1615,70.78
1616,27.82
1617,89.81
1618,52.39
1619,82.17
1620,41.49
1621,20.84
1622,70.64
1623,84.52
1624,49.2
1625,73.22
1626,43.69
1627,30.9
1628,39.8
1629,35.23
1630,34.43
1631,67.45
1632,2.74
1633,65.13
1634,66.48
1635,26.66
1636,3.29
1637,24.34
1638,42.61
1639,80.64
1640,76.4
1641,43.62
1642,0.33
1643,75.4
1644,15.57
1645,28.1
1646,49.69
1647,83.72
1648,16.24
1649,61.23
1650,61.3
1651,94.78
1652,17.61
1653,14.33
1654,2.74
1655,92.97
1656,92.83
1657,55.99
1658,48.42
1659,8.43
1660,72.58
1661,49.38
1662,38.34
1663,89.77
1664,90.7
1665,75.16
1666,49.54
1667,80.78
1668,54.96
1669,72.19
1670,24.42
1671,30.52
1672,83.13
1673,8.79
1674,66.62
1675,31.6
1676,77.18
1677,93.94
1678,13.01
1679,98.96
1680,14.1
1681,16.68
1682,84.53
1683,28.15
1684,68.42
1685,70.7
1686,97.53
1687,29.38
1688,65.07
1689,74.72
1690,57.25
1691,0.41
1692,50.12
1693,43.8
1694,64.7
1695,84.91
1696,7.05
1697,6.49
1698,96.2
1699,34.1
1700,9.06
1701,8.25
1702,61.29
1703,16.41
1704,22.14
1705,38.67
1706,32.23
1707,2.35
1708,2.36
1709,87.89
1710,56.86
1711,41.0
1712,82.48
1713,77.05
1714,84.39
1715,97.0
1716,82.18
1717,13.96
1718,45.4
1719,39.59
1720,20.93
1721,12.77
1722,15.88
1723,10.48
1724,51.67
1725,74.69
1726,67.51
1727,62.17
1728,29.72
1729,80.64
1730,89.94
1731,1.06
1732,74.02
1733,51.43
1734,37.33
1735,17.62
1736,70.46
1737,43.96
1738,5.78
1739,74.33
1740,0.82
1741,80.97
1742,47.37
1743,32.32
1744,39.18
1745,79.8
1746,68.84
1747,65.91
1748,84.29
1749,0.81
1750,32.93
1751,42.65
1752,99.1
1753,59.62
1754,32.59
1755,39.09
1756,4.84
1757,44.76
1758,21.3
1759,65.12
1760,37.6
1761,76.66
1762,43.07
1763,40.61
1764,29.39
1765,68.64
1766,5.23
1767,57.09
1768,17.47
1769,99.52
1770,42.65
1771,2.3
1772,85.83
1773,7.12
1774,36.09
1775,52.37
1776,60.52
1777,93.61
1778,37.85
1779,19.57
1780,50.59
1781,82.4
1782,70.91
1783,83.1
1784,50.7
1785,76.32
1786,64.24
1787,94.88
1788,51.72
1789,98.36
1790,2.62
1791,47.62
1792,84.16
1793,73.91
1794,19.52
1795,72.86
1796,45.61
1797,52.93
1798,90.57
1799,64.97
1800,17.89
1801,33.8
1802,15.0
1803,36.3
1804,43.03
1805,59.81
1806,94.67
1807,14.11
1808,80.51
1809,60.65
1810,77.12
1811,6.59
1812,86.31
1813,44.71
1814,33.67
1815,24.19
1816,37.47
1817,66.84
1818,85.15
1819,37.25
1820,81.02
1821,23.4
1822,90.23
1823,66.19
1824,26.82
1825,49.06
1826,84.52
1827,66.93
1828,39.71
1829,89.2
1830,45.42
1831,92.75
1832,31.49
1833,5.99
1834,98.24
1835,51.14
1836,85.84
1837,76.82
1838,99.9
1839,4.98
1840,14.39
1841,69.53
1842,43.72
1843,79.28
1844,91.13
1845,33.51
1846,39.77
1847,64.99
1848,32.06
1849,12.46
1850,82.42
1851,51.9
1852,70.97
1853,12.17
1854,10.29
1855,92.48
1856,51.95
1857,8.22
1858,70.9
1859,42.67
1860,83.87
1861,6.08
1862,16.73
1863,21.31
1864,81.2
1865,68.23
1866,15.52
1867,14.88
1868,78.75
1869,44.62
1870,61.96
1871,82.79
1872,69.02
1873,29.51
1874,82.37
1875,97.99
1876,12.59
1877,76.37
1878,89.5
1879,2.15
1880,10.4
1881,62.06
1882,7.48
1883,12.69
1884,8.3
1885,14.94
1886,51.47
1887,88.38
1888,89.7
1889,28.17
1890,32.45
1891,6.87
1892,98.23
1893,71.1
1894,71.22
1895,5.33
1896,69.89
1897,12.8
1898,5.03
1899,36.11
1900,45.43
1901,89.05
1902,84.57
1903,43.01
1904,6.74
1905,36.11
1906,67.89
1907,25.96
1908,75.93
1909,47.76
1910,88.31
1911,44.24
1912,31.75
1913,55.1
1914,87.09
1915,47.15
1916,63.88
1917,18.15
1918,22.46
1919,55.37
1920,54.94
1921,21.83
1922,42.78
1923,92.25
1924,51.73
1925,72.12
1926,79.9
1927,22.56
1928,11.9
1929,50.35
1930,2.61
1931,4.94
1932,74.69
1933,8.43
1934,96.23
1935,11.75
1936,56.84
1937,24.22
1938,95.81
1939,54.32
1940,40.73
1941,94.99
1942,13.15
1943,40.75
1944,52.27
1945,40.71
1946,82.23
1947,93.56
1948,57.69
1949,24.0
1950,49.9
1951,45.55
1952,6.29
1953,45.41
1954,44.55
1955,46.03
1956,63.01
1957,84.74
1958,83.72
1959,95.92
1960,33.71
1961,22.47
1962,80.52
1963,93.08
1964,50.34
1965,50.0
1966,40.8
1967,59.17
1968,75.22
1969,62.28
1970,42.16
1971,13.72
1972,18.64
1973,69.21
1974,82.35
1975,34.01
1976,79.81
1977,62.09
1978,64.71
1979,29.53
1980,59.51
1981,61.85
1982,34.1
1983,32.9
1984,82.57
1985,1.76
1986,51.12
1987,65.43
1988,43.11
1989,82.58
1990,2.59
1991,22.78
1992,4.54
1993,46.52
1994,53.09
1995,1.66
1996,40.11
1997,98.21
1998,1.93
1999,76.57
2000,45.17
2001,34.74
2002,46.68
2003,84.08
2004,7.47
2005,5.03
2006,32.96
2007,84.76
2008,32.72
2009,1.61
2010,57.57
2011,58.5
2012,49.18
2013,55.96
2014,17.84
2015,75.79
2016,32.94
2017,3.93
2018,53.05
2019,20.11
2020,63.95
2021,22.99
2022,70.78
2023,25.66
2024,55.34
2025,16.91
2026,43.45
2027,5.5
2028,74.83
2029,91.87
2030,8.01
2031,31.85
2032,48.64
2033,59.98
2034,71.5
2035,85.04
2036,64.81
2037,56.68
2038,91.41
2039,17.81
2040,98.11
2041,82.27
2042,97.22
2043,42.07
2044,93.93
2045,80.03
2046,56.71
2047,35.42
2048,12.18
2049,72.31
2050,67.46
2051,92.11
2052,79.83
2053,24.1
2054,49.48
2055,83.44
2056,10.24
2057,69.51
2058,35.11
2059,67.6
2060,78.9
2061,22.58
2062,94.13
2063,16.3
2064,38.19
2065,5.93
2066,5.34
2067,59.09
2068,36.87
2069,67.63
2070,27.69
2071,15.95
2072,27.47
2073,82.35
2074,52.1
2075,99.9
2076,12.56
2077,83.74
2078,40.68
2079,35.57
2080,83.52
2081,13.14
2082,49.17
2083,74.92
2084,26.82
2085,88.03
2086,92.69
2087,47.3
2088,71.73
2089,38.99
2090,56.06
2091,29.88
2092,90.0
2093,12.92
2094,14.95
2095,97.56
2096,15.9
2097,78.56
2098,20.77
2099,98.58
2100,0.36
2101,9.14
2102,39.61
2103,82.73
2104,49.77
2105,89.59
2106,51.52
2107,38.2
2108,33.91
2109,31.45
2110,96.55
2111,4.38
2112,34.64
2113,67.0
2114,92.09
2115,61.21
2116,37.82
2117,74.82
2118,48.19
2119,38.67
2120,33.81
2121,75.7
2122,10.7
2123,53.03
2124,65.98
2125,92.22
2126,29.87
2127,5.48
2128,38.42
2129,99.8
2130,0.45
2131,39.26
2132,39.49
2133,26.41
2134,73.07
2135,55.49
2136,47.9
2137,62.62
2138,84.03
2139,23.32
2140,31.14
2141,90.54
2142,72.56
2143,7.51
2144,95.92
2145,43.73
2146,59.17
2147,13.39
2148,64.93
2149,66.62
2150,48.56
2151,85.27
2152,33.46
2153,36.45
2154,6.64
2155,98.4
2156,53.02
2157,47.38
2158,38.93
2159,91.27
2160,33.84
2161,30.71
2162,56.63
2163,81.3
2164,99.44
2165,54.99
2166,35.02
2167,64.38
2168,57.95
2169,66.2
2170,46.65
2171,37.53
2172,10.0
2173,62.74
2174,88.01
2175,98.73
2176,23.01
2177,6.31
2178,65.26
2179,73.14
2180,21.08
2181,55.38
2182,8.37
2183,23.41
2184,90.67
2185,34.06
2186,65.56
2187,65.68
2188,75.18
2189,90.09
2190,37.62
2191,82.66
2192,25.51
2193,69.94
2194,37.95
2195,22.68
2196,25.11
2197,17.12
2198,36.21
2199,99.24
2200,46.83
2201,38.71
2202,31.72
2203,3.59
2204,23.32
2205,86.92
2206,66.18
2207,7.32
2208,52.31
2209,72.37
2210,41.62
2211,3.95
2212,66.59
2213,18.09
2214,99.61
2215,3.12
2216,12.06
2217,90.54
2218,56.02
2219,35.2
2220,8.65
2221,60.83
2222,33.35
2223,58.16
2224,42.21
2225,23.33
2226,12.11
2227,25.25
2228,1.87
2229,53.43
2230,49.8
2231,43.27
2232,61.46
2233,35.73
2234,19.33
2235,31.92
2236,83.97
2237,70.46
2238,19.03
2239,96.21
2240,71.28
2241,29.11
2242,42.21
2243,67.36
2244,67.55
2245,58.93
2246,89.36
2247,60.79
2248,44.23
2249,51.79
2250,48.18
2251,29.68
2252,66.85
2253,15.53
2254,92.25
2255,37.83
2256,55.29
2257,71.88
2258,8.61
2259,20.82
2260,72.21
2261,49.2
2262,2.87
2263,3.04
2264,14.93
2265,77.64
2266,73.88
2267,78.31
2268,25.9
2269,61.49
2270,12.68
2271,94.73
2272,43.17
2273,21.65
2274,65.64
2275,53.09
2276,19.7
2277,17.84
2278,31.72
2279,25.96
2280,61.71
2281,40.78
2282,17.34
2283,36.64
2284,77.97
2285,20.86
2286,42.15
2287,60.81
2288,21.93
2289,11.25
2290,61.23
2291,24.75
2292,69.21
2293,7.14
2294,41.68
2295,86.88
2296,69.2
2297,33.95
2298,16.77
2299,20.2
2300,69.75
2301,46.83
2302,84.27
2303,10.97
2304,80.81
2305,89.9
2306,83.33
2307,98.3
2308,0.5
2309,32.58
2310,11.35
2311,29.38
2312,31.08
2313,64.26
2314,79.8
2315,16.94
2316,80.7
2317,45.61
2318,78.3
2319,27.84
2320,62.69
2321,40.75
2322,68.82
2323,94.02
2324,97.04
2325,40.2
2326,12.03
2327,85.29
2328,17.42
2329,94.1
2330,80.42
2331,15.7
2332,13.89
2333,83.12
2334,28.08
2335,26.86
2336,75.23
2337,4.37
2338,70.36
2339,29.86
2340,9.38
2341,29.95
2342,6.71
2343,76.64
2344,33.04
2345,30.71
2346,55.34
2347,78.28
2348,40.54
2349,68.66
2350,69.19
2351,60.52
2352,79.0
2353,64.12
2354,31.02
2355,14.2
2356,85.56
2357,52.36
2358,69.08
2359,44.41
2360,51.59
2361,52.59
2362,90.58
2363,59.42
2364,70.73
2365,89.28
2366,97.46
2367,37.75
2368,22.1
2369,91.14
2370,0.2
2371,91.1
2372,23.69
2373,15.71
2374,44.12
2375,59.63
2376,12.78
2377,69.67
2378,38.34
2379,4.47
2380,24.67
2381,52.08
2382,35.73
2383,81.34
2384,68.09
2385,89.89
2386,42.49
2387,29.12
2388,67.26
2389,62.87
2390,31.33
2391,16.93
2392,64.75
2393,59.17
2394,2.64
2395,19.75
2396,23.34
2397,95.98
2398,3.51
2399,12.62
2400,11.72
2401,50.66
2402,38.92
2403,66.8
2404,56.83
2405,66.66
2406,50.23
2407,47.19
2408,60.41
2409,3.14
2410,16.1
2411,19.46
2412,86.11
2413,59.23
2414,65.58
2415,12.15
2416,57.44
2417,18.58
2418,71.38
2419,37.94
2420,51.5
2421,68.78
2422,68.89
2423,15.0
2424,82.79
2425,64.58
2426,93.13
2427,2.71
2428,67.04
2429,20.28
2430,31.6
2431,9.6
2432,34.86
2433,59.49
2434,13.51
2435,10.78
2436,97.75
2437,66.04
2438,2.87
2439,19.92
2440,69.88
2441,46.71
2442,35.38
2443,98.01
2444,4.2
2445,99.96
2446,59.22
2447,3.66
2448,85.6
2449,52.3
2450,20.57
2451,43.61
2452,93.66
2453,45.63
2454,22.01
2455,97.37
2456,74.63
2457,55.15
2458,13.96
2459,89.55
2460,51.6
2461,92.25
2462,90.02
2463,60.92
2464,42.11
2465,62.59
2466,10.15
2467,16.17
2468,75.74
2469,74.51
2470,43.16
2471,18.92
2472,95.1
2473,16.76
2474,50.96
2475,30.84
2476,79.4
2477,99.13
2478,28.57
2479,11.21
2480,78.86
2481,59.1
2482,18.29
2483,74.31
2484,95.76
2485,87.11
2486,10.16
2487,11.63
2488,3.66
2489,39.82
2490,47.01
2491,98.23
2492,70.15
2493,59.53
2494,58.43
2495,78.1
2496,18.21
2497,9.52
2498,66.0
2499,53.74
2500,49.63
2501,14.36
2502,36.39
2503,57.16
2504,78.85
2505,98.86
2506,62.02
2507,19.97
2508,81.84
2509,54.43
2510,93.2
2511,50.83
2512,79.2
2513,77.95
2514,34.91
2515,96.98
2516,35.1
2517,25.83
2518,33.03
2519,55.69
2520,64.7
2521,94.57
2522,28.98
2523,3.35
2524,7.41
2525,28.31
2526,91.2
2527,10.21
2528,28.56
2529,9.41
2530,59.64
2531,11.61
2532,7.24
2533,67.92
2534,24.98
2535,18.96
2536,4.19
2537,42.64
2538,69.77
2539,40.89
2540,93.57
2541,19.55
2542,67.01
2543,85.53
2544,68.07
2545,43.06
2546,1.9
2547,48.82
2548,40.59
2549,75.65
2550,31.66
2551,73.38
2552,94.47
2553,52.05
2554,63.24
2555,52.05
2556,8.06
2557,77.29
2558,47.33
2559,36.88
2560,82.79
2561,79.62
2562,62.12
2563,11.89
2564,60.68
2565,64.58
2566,8.73
2567,79.44
2568,51.25
2569,90.94
2570,96.36
2571,84.91
2572,11.36
2573,8.63
2574,74.54
2575,70.66
2576,21.53
2577,3.65
2578,56.86
2579,74.28
2580,77.33
2581,33.47
2582,55.39
2583,76.55
2584,37.49
2585,36.01
2586,38.72
2587,22.56
2588,25.59
2589,5.52
2590,28.47
2591,15.77
2592,4.99
2593,26.04
2594,4.96
2595,57.54
2596,94.25
2597,14.84
2598,92.25
2599,58.67
2600,41.79
2601,51.41
2602,38.56
2603,51.25
2604,86.62
2605,24.15
2606,7.95
2607,70.56
2608,7.76
2609,11.09
2610,92.85
2611,37.64
2612,91.23
2613,59.51
2614,5.68
2615,37.06
2616,87.49
2617,32.73
2618,44.96
2619,19.32
2620,53.03
2621,2.48
2622,98.6
2623,31.98
2624,68.88
2625,11.87
2626,46.91
2627,23.48
2628,44.11
2629,69.57
2630,48.81
2631,1.23
2632,84.46
2633,98.17
2634,3.84
2635,5.66
2636,83.71
2637,14.59
2638,95.98
2639,4.26
2640,48.37
2641,94.43
2642,94.19
2643,70.65
2644,94.95
2645,54.8
2646,97.83
2647,52.35
2648,8.84
2649,52.3
2650,40.33
2651,13.03
2652,73.98
2653,81.94
2654,13.59
2655,69.73
2656,28.43
2657,92.59
2658,21.89
2659,24.18
2660,49.45
2661,99.54
2662,67.9
2663,32.17
2664,52.26
2665,35.4
2666,41.97
2667,99.09
2668,78.33
2669,26.72
2670,18.36
2671,95.36
2672,47.47
2673,27.14
2674,35.32
2675,21.92
2676,89.75
2677,79.62
2678,30.68
2679,63.92
2680,74.65
2681,83.2
2682,26.24
2683,34.76
2684,72.81
2685,60.54
2686,55.06
2687,15.34
2688,66.85
2689,56.49
2690,79.35
2691,33.6
2692,54.51
2693,81.83
2694,43.0
2695,44.08
2696,60.93
2697,85.72
2698,79.89
2699,60.26
2700,70.18
2701,92.18
2702,31.48
2703,31.14
2704,28.43
2705,58.24
2706,27.04
2707,33.16
2708,22.07
2709,79.37
2710,98.78
2711,38.12
2712,4.73
2713,75.51
2714,96.1
2715,84.41
2716,71.34
2717,75.83
2718,59.24
2719,98.25
2720,31.23
2721,10.95
2722,27.51
2723,88.88
2724,67.82
2725,95.14
2726,71.78
2727,71.7
2728,78.71
2729,61.91
2730,48.77
2731,21.63
2732,22.87
2733,50.03
2734,30.05
2735,9.78
2736,2.41
2737,32.03
2738,49.05
2739,53.87
2740,80.57
2741,10.89
2742,20.89
2743,52.84
2744,84.08
2745,77.6
2746,11.99
2747,77.14
2748,19.81
2749,8.54
2750,36.76
2751,19.02
2752,96.11
2753,7.54
2754,34.64
2755,29.69
2756,21.22
2757,97.34
2758,75.14
2759,38.07
2760,59.16
2761,50.3
2762,93.18
2763,34.52
2764,66.85
2765,11.64
2766,9.93
2767,50.43
2768,5.18
2769,71.78
2770,96.45
2771,80.91
2772,80.81
2773,69.15
2774,20.29
2775,21.51
2776,60.81
2777,34.99
2778,5.18
2779,62.82
2780,22.82
2781,52.64
2782,18.69
2783,59.35
2784,60.73
2785,92.74
2786,71.46
2787,82.03
2788,25.25
2789,82.9
2790,2.57
2791,12.78
2792,96.34
2793,25.69
2794,66.39
2795,25.15
2796,87.12
2797,89.65
2798,86.05
2799,93.38
2800,91.39
2801,79.79
2802,14.26
2803,45.58
2804,26.7
2805,99.44
2806,48.92
2807,57.63
2808,14.04
2809,68.71
2810,80.16
2811,51.86
2812,96.61
2813,30.54
2814,61.44
2815,72.76
2816,64.18
2817,40.17
2818,25.51
2819,37.18
2820,26.67
2821,33.2
2822,81.32
2823,42.09
2824,5.17
2825,0.56
2826,7.61
2827,97.63
2828,83.28
2829,88.92
2830,47.88
2831,15.17
2832,82.86
2833,21.28
2834,53.43
2835,3.42
2836,74.41
2837,32.33
2838,17.19
2839,58.71
2840,77.49
2841,5.76
2842,27.32
2843,58.26
2844,1.63
2845,74.87
2846,16.28
2847,28.27
2848,27.41
2849,36.85
2850,52.2
2851,29.35
2852,62.74
2853,34.29
2854,22.43
2855,8.56
2856,13.38
2857,43.18
2858,15.36
2859,76.13
2860,58.65
2861,19.69
2862,14.12
2863,19.8
2864,25.44
2865,50.77
2866,1.17
2867,33.92
2868,73.9
2869,39.14
2870,50.02
2871,31.6
2872,37.25
2873,6.61
2874,7.15
2875,54.67
2876,19.96
2877,89.01
2878,5.22
2879,4.41
2880,43.14
2881,84.74
2882,16.75
2883,52.55
2884,98.41
2885,99.04
2886,99.28
2887,31.72
2888,35.67
2889,68.99
2890,46.02
2891,52.04
2892,67.03
2893,33.87
2894,56.4
2895,42.66
2896,21.79
2897,71.38
2898,77.86
2899,70.61
2900,52.61
2901,74.15
2902,54.04
2903,3.08
2904,32.1
2905,56.0
2906,72.89
2907,53.47
2908,16.69
2909,11.75
2910,41.72
2911,51.91
2912,15.83
2913,82.45
2914,1.21
2915,35.6
2916,44.31
2917,40.12
2918,53.65
2919,76.73
2920,71.72
2921,91.23
2922,0.77
2923,90.3
2924,26.39
2925,64.26
2926,8.64
2927,88.64
2928,82.23
2929,68.41
2930,20.07
2931,84.02
2932,90.48
2933,36.33
2934,55.81
2935,64.17
2936,36.74
2937,8.44
2938,65.2
2939,1.01
2940,0.67
2941,14.04
2942,56.21
2943,59.68
2944,90.07
2945,71.04
2946,61.77
2947,67.59
2948,44.16
2949,95.57
2950,97.01
2951,4.55
2952,56.08
2953,13.51
2954,64.07
2955,86.33
2956,68.03
2957,88.54
2958,97.82
2959,92.18
2960,35.32
2961,71.24
2962,46.6
2963,52.49
2964,15.88
2965,42.81
2966,69.84
2967,75.7
2968,24.08
2969,13.57
2970,88.63
2971,81.18
2972,58.94
2973,91.06
2974,91.52
2975,59.63
2976,75.52
2977,66.58
2978,43.28
2979,78.69
2980,9.39
2981,85.1
2982,52.96
2983,19.28
2984,90.42
2985,97.82
2986,37.13
2987,50.44
2988,85.15
2989,97.78
2990,93.16
2991,24.31
2992,35.55
2993,23.87
2994,28.69
2995,20.22
2996,20.02
2997,35.68
2998,9.43
2999,95.69
3000,65.87
3001,28.16
3002,62.52
3003,64.52
3004,36.44
3005,63.33
3006,62.92
3007,46.35
3008,88.73
3009,8.67
3010,76.18
3011,19.35
3012,71.98
3013,62.34
3014,77.55
3015,62.75
3016,27.26
3017,32.78
3018,35.94
3019,34.7
3020,64.45
3021,32.67
3022,70.73
3023,42.21
3024,25.2
3025,55.44
3026,50.76
3027,76.82
3028,12.23
3029,39.12
3030,39.19
3031,55.86
3032,69.42
3033,44.12
3034,31.22
3035,35.86
3036,76.12
3037,92.69
3038,64.59
3039,13.91
3040,20.29
3041,98.56
3042,55.07
3043,82.88
3044,50.0
3045,27.46
3046,14.33
3047,79.33
3048,10.01
3049,94.85
3050,78.03
3051,47.34
3052,41.29
3053,81.67
3054,8.66
3055,72.53
3056,52.3
3057,51.46
3058,50.49
3059,42.37
3060,73.33
3061,22.04
3062,25.75
3063,32.68
3064,51.16
3065,71.7
3066,51.29
3067,75.86
3068,69.68
3069,92.57
3070,11.07
3071,38.83
3072,64.98
3073,6.3
3074,25.91
3075,26.23
3076,18.3
3077,44.1
3078,1.34
3079,61.31
3080,17.89
3081,6.91
3082,66.54
3083,45.42
3084,97.0
3085,46.14
3086,35.63
3087,18.79
3088,52.67
3089,45.04
3090,89.81
3091,46.1
3092,1.85
3093,90.8
3094,52.1
3095,11.22
3096,40.31
3097,77.83
3098,34.75
3099,23.43
3100,86.25
3101,48.43
3102,7.26
3103,0.97
3104,29.79
3105,72.9
3106,5.38
3107,43.56
3108,99.1
3109,95.92
3110,59.52
3111,3.29
3112,18.04
3113,23.67
3114,38.79
3115,43.27
3116,9.27
3117,4.75
3118,25.02
3119,53.85
3120,88.34
3121,80.1
3122,43.14
3123,86.54
3124,0.67
3125,97.68
3126,38.63
3127,90.93
3128,24.67
3129,67.04
3130,13.13
3131,5.28
3132,69.39
3133,24.62
3134,14.77
3135,23.44
3136,76.22
3137,88.12
3138,1.65
3139,35.21
3140,61.94
3141,43.74
3142,35.8
3143,69.03
3144,38.97
3145,21.86
3146,62.68
3147,39.78
3148,78.64
3149,32.29
3150,19.39
3151,16.23
3152,0.82
3153,52.37
3154,40.93
3155,93.13
3156,90.94
3157,85.49
3158,64.64
3159,98.33
3160,99.19
3161,68.26
3162,4.3
3163,26.3
3164,79.75
3165,96.95
3166,52.26
3167,39.05
3168,81.63
3169,74.06
3170,32.49
3171,13.88
3172,76.36
3173,76.75
3174,20.43
3175,57.39
3176,32.05
3177,38.9
3178,25.61
3179,33.35
3180,12.8
3181,26.41
3182,33.53
3183,21.75
3184,32.39
3185,0.83
3186,13.79
3187,19.56
3188,56.67
3189,33.0
3190,87.45
3191,50.56
3192,54.72
3193,70.14
3194,76.16
3195,58.22
3196,84.44
3197,18.16
3198,13.11
3199,13.8
3200,60.21
3201,11.34
3202,52.73
3203,56.3
3204,86.67
3205,10.49
3206,97.82
3207,76.02
3208,4.29
3209,48.63
3210,2.28
3211,85.01
3212,27.23
3213,4.94
3214,44.87
3215,77.12
3216,44.61
3217,3.52
3218,3.28
3219,25.59
3220,64.83
3221,85.39
3222,91.34
3223,54.91
3224,52.29
3225,4.15
3226,40.44
3227,51.41
3228,0.92
3229,25.75
3230,87.27
3231,29.59
3232,5.69
3233,35.15
3234,67.88
3235,98.97
3236,69.62
3237,99.28
3238,34.75
3239,22.88
3240,81.39
3241,99.72
3242,75.85
3243,69.28
3244,77.46
3245,18.8
3246,82.32
3247,23.7
3248,54.06
3249,11.8
3250,1.43
3251,70.78
3252,21.8
3253,64.56
3254,75.56
3255,82.48
3256,37.02
3257,31.56
3258,73.33
3259,43.71
3260,1.26
3261,90.8
3262,75.71
3263,45.82
3264,58.7
3265,75.92
3266,17.61
3267,95.26
3268,76.76
3269,91.23
3270,28.64
3271,63.48
3272,12.1
3273,79.21
3274,93.63
3275,85.38
3276,24.46
3277,82.01
3278,75.56
3279,18.79
3280,21.68
3281,10.69
3282,20.88
3283,73.83
3284,86.54
3285,59.21
3286,36.12
3287,11.89
3288,27.45
3289,25.41
3290,53.07
3291,89.18
3292,25.23
3293,52.01
3294,13.35
3295,93.19
3296,39.42
3297,40.82
3298,62.86
3299,83.65
3300,15.73
3301,90.1
3302,11.26
3303,79.9
3304,98.45
3305,17.2
3306,26.53
3307,34.13
3308,70.74
3309,3.98
3310,71.81
3311,4.71
3312,36.21
3313,1.4
3314,60.55
3315,1.23
3316,13.66
3317,19.94
3318,9.65
3319,63.64
3320,56.08
3321,16.08
3322,76.34
3323,58.8
3324,95.58
3325,80.61
3326,86.31
3327,54.49
3328,30.48
3329,11.24
3330,18.4
3331,20.39
3332,87.9
3333,7.15
3334,63.53
3335,3.3
3336,28.92
3337,18.16
3338,53.41
3339,69.66
3340,75.23
3341,21.22
3342,26.27
3343,30.14
3344,22.89
3345,12.2
3346,84.93
3347,73.15
3348,19.61
3349,38.74
3350,65.51
3351,52.76
3352,35.44
3353,30.49
3354,69.08
3355,12.54
3356,4.2
3357,40.38
3358,13.08
3359,0.92
3360,93.41
3361,30.84
3362,57.81
3363,55.74
3364,86.75
3365,7.6
3366,33.04
3367,16.79
3368,89.67
3369,12.05
3370,95.27
3371,13.01
3372,1.75
3373,18.27
3374,41.63
3375,66.58
3376,70.02
3377,2.11
3378,57.1
3379,22.55
3380,18.47
3381,3.76
3382,41.82
3383,41.98
3384,98.55
3385,50.48
3386,23.54
3387,14.32
3388,79.99
3389,39.49
3390,5.15
3391,28.47
3392,43.89
3393,9.37
3394,13.78
3395,36.68
3396,3.53
3397,92.06
3398,27.98
3399,34.16
3400,36.61
3401,26.94
3402,66.42
3403,85.26
3404,85.78
3405,62.46
3406,61.22
3407,52.52
3408,56.05
3409,18.48
3410,66.73
3411,67.73
3412,96.02
3413,21.69
3414,23.75
3415,86.42
3416,14.21
3417,94.52
3418,10.92
3419,78.61
3420,34.12
3421,27.34
3422,23.83
3423,25.35
3424,98.76
3425,92.12
3426,98.82
3427,10.92
3428,74.99
3429,41.1
3430,15.06
3431,91.61
3432,50.74
3433,47.54
3434,23.37
3435,51.83
3436,14.54
3437,45.36
3438,42.82
3439,81.4
3440,57.14
3441,38.61
3442,16.5
3443,12.03
3444,89.39
3445,57.75
3446,27.65
3447,36.56
3448,88.61
3449,51.81
3450,40.29
3451,99.19
3452,71.42
3453,21.01
3454,6.74
3455,84.53
3456,11.39
3457,22.9
3458,86.07
3459,7.51
3460,77.08
3461,11.58
3462,7.02
3463,68.84
3464,43.72
3465,64.59
3466,62.35
3467,50.79
3468,74.4
3469,20.68
3470,43.01
3471,34.65
3472,30.69
3473,46.78
3474,7.93
3475,91.48
3476,29.31
3477,16.89
3478,30.28
3479,92.32
3480,78.02
3481,61.87
3482,86.67
3483,54.52
3484,22.75
3485,27.84
3486,90.14
3487,53.62
3488,62.97
3489,41.81
3490,64.68
3491,10.36
3492,68.78
3493,27.37
3494,28.48
3495,61.99
3496,47.15
3497,83.18
3498,3.84
3499,27.21
3500,84.17
3501,45.99
3502,84.35
3503,24.16
3504,53.2
3505,95.84
3506,82.65
3507,70.37
3508,87.15
3509,14.0
3510,28.46
3511,33.48
3512,42.67
3513,32.06
3514,97.44
3515,53.6
3516,31.3
3517,16.65
3518,60.62
3519,17.55
3520,46.73
3521,80.7
3522,19.73
3523,17.59
3524,45.39
3525,15.14
3526,58.38
3527,98.33
3528,21.84
3529,13.88
3530,64.61
3531,31.52
3532,63.93
3533,58.77
3534,48.4
3535,82.31
3536,85.57
3537,13.14
3538,43.77
3539,72.44
3540,66.33
3541,89.29
3542,43.67
3543,91.38
3544,79.86
3545,52.49
3546,69.31
3547,61.07
3548,82.39
3549,37.09
3550,59.21
3551,63.25
3552,85.62
3553,22.67
3554,37.56
3555,34.26
3556,54.22
3557,94.36
3558,62.29
3559,86.45
3560,9.58
3561,24.29
3562,76.74
3563,47.46
3564,6.16
3565,16.44
3566,79.77
3567,67.63
3568,3.75
3569,7.09
3570,80.79
3571,4.4
3572,66.9
3573,61.16
3574,6.72
3575,18.77
3576,16.65
3577,29.9
3578,37.25
3579,16.63
3580,85.64
3581,48.67
3582,36.14
3583,90.74
3584,93.67
3585,48.26
3586,31.03
3587,53.37
3588,51.62
3589,88.52
3590,67.6
3591,77.72
3592,98.22
3593,75.24
3594,62.56
3595,78.4
3596,58.17
3597,25.67
3598,42.09
3599,52.99
3600,42.07
3601,30.3
3602,22.8
3603,83.01
3604,22.7
3605,35.49
3606,75.14
3607,15.44
3608,59.01
3609,55.54
3610,57.66
3611,88.56
3612,25.18
3613,61.24
3614,21.25
3615,96.5
3616,53.23
3617,91.68
3618,16.54
3619,20.75
3620,34.8
3621,15.62
3622,81.19
3623,79.53
3624,77.85
3625,47.04
3626,45.86
3627,4.41
3628,46.31
3629,88.82
3630,7.59
3631,38.69
3632,19.1
3633,5.61
3634,11.11
3635,9.41
3636,21.23
3637,3.42
3638,59.33
3639,27.06
3640,13.63
3641,44.08
3642,7.85
3643,14.01
3644,46.01
3645,7.86
3646,93.87
3647,88.4
3648,13.53
3649,52.15
3650,94.97
3651,72.21
3652,41.62
3653,29.33
3654,58.74
3655,10.75
3656,47.86
3657,28.35
3658,60.1
3659,0.62
3660,73.56
3661,95.38
3662,69.54
3663,7.09
3664,30.53
3665,80.0
3666,56.39
3667,33.47
3668,10.7
3669,3.12
3670,27.43
3671,52.05
3672,38.15
3673,77.63
3674,46.98
3675,85.3
3676,26.17
3677,99.81
3678,13.95
3679,79.31
3680,20.78
3681,21.46
3682,49.36
3683,34.84
3684,51.06
3685,92.05
3686,74.34
3687,72.11
3688,53.43
3689,29.67
3690,15.57
3691,95.97
3692,52.9
3693,35.03
3694,76.2
3695,53.92
3696,76.01
3697,5.09
3698,75.21
3699,53.34
3700,25.14
3701,36.11
3702,82.63
3703,48.18
3704,9.07
3705,2.62
3706,45.22
3707,98.03
3708,61.04
3709,36.09
3710,32.36
3711,6.4
3712,88.84
3713,48.13
3714,76.62
3715,62.05
3716,61.77
3717,5.86
3718,4.38
3719,20.34
3720,66.27
3721,11.08
3722,89.83
3723,61.9
3724,35.13
3725,38.39
3726,65.35
3727,40.36
3728,7.35
3729,1.46
3730,29.98
3731,75.22
3732,4.04
3733,42.82
3734,65.49
3735,1.96
3736,56.67
3737,72.32
3738,38.55
3739,26.48
3740,60.47
3741,43.61
3742,0.78
3743,39.31
3744,73.74
3745,69.71
3746,2.22
3747,19.06
3748,29.26
3749,37.83
3750,53.11
3751,22.37
3752,72.22
3753,45.7
3754,76.75
3755,90.9
3756,73.41
3757,70.49
3758,53.43
3759,12.76
3760,93.87
3761,92.12
3762,0.85
3763,80.46
3764,33.14
3765,22.18
3766,17.94
3767,21.56
3768,34.37
3769,47.36
3770,74.58
3771,28.71
3772,33.32
3773,80.41
3774,46.44
3775,59.35
3776,28.48
3777,83.02
3778,26.95
3779,67.77
3780,61.72
3781,56.56
3782,23.5
3783,62.28
3784,43.94
3785,29.99
3786,5.36
3787,66.09
3788,64.5
3789,90.31
3790,72.64
3791,58.62
3792,55.46
3793,90.75
3794,61.0
3795,32.53
3796,79.82
3797,17.18
3798,36.55
3799,62.1
3800,72.72
3801,26.39
3802,72.15
3803,55.63
3804,72.26
3805,65.09
3806,53.32
3807,70.44
3808,25.78
3809,73.0
3810,74.7
3811,95.57
3812,83.21
3813,12.99
3814,71.01
3815,91.24
3816,67.2
3817,43.18
3818,82.39
3819,58.43
3820,69.22
3821,7.03
3822,47.11
3823,52.35
3824,87.23
3825,11.89
3826,90.21
3827,71.44
3828,19.64
3829,99.61
3830,24.59
3831,37.29
3832,78.31
3833,29.66
3834,1.07
3835,53.81
3836,23.72
3837,54.89
3838,55.05
3839,31.25
3840,6.44
3841,87.04
3842,82.4
3843,89.76
3844,94.98
3845,88.85
3846,89.51
3847,39.33
3848,31.76
3849,83.51
3850,88.0
3851,72.6
3852,14.67
3853,22.92
3854,77.63
3855,97.57
3856,70.05
3857,21.24
3858,45.85
3859,78.59
3860,30.8
3861,77.08
3862,79.25
3863,9.67
3864,87.75
3865,12.06
3866,89.99
3867,3.14
3868,55.58
3869,19.29
3870,33.96
3871,70.64
3872,34.9
3873,20.55
3874,93.8
3875,13.65
3876,99.6
3877,99.69
3878,0.46
3879,4.23
3880,49.93
3881,76.11
3882,4.37
3883,72.06
3884,59.81
3885,82.71
3886,49.74
3887,62.27
3888,5.35
3889,19.12
3890,90.03
3891,19.92
3892,52.52
3893,61.18
3894,84.15
3895,37.35
3896,25.23
3897,4.11
3898,72.31
3899,9.65
3900,75.9
3901,78.99
3902,43.81
3903,39.58
3904,28.82
3905,20.85
3906,39.31
3907,10.31
3908,81.1
3909,26.51
3910,72.17
3911,32.19
3912,89.93
3913,6.06
3914,14.6
3915,38.05
3916,69.69
3917,15.11
3918,13.52
3919,13.69
3920,88.17
3921,4.95
3922,78.16
3923,88.79
3924,10.87
3925,32.74
3926,34.97
3927,92.58
3928,80.19
3929,15.99
3930,81.01
3931,80.84
3932,72.87
3933,47.37
3934,29.63
3935,4.11
3936,72.26
3937,21.68
3938,60.17
3939,84.32
3940,30.71
3941,79.49
3942,92.26
3943,60.25
3944,56.57
3945,98.17
3946,95.83
3947,69.43
3948,0.09
3949,73.63
3950,10.66
3951,10.81
3952,14.51
3953,3.67
3954,42.98
3955,25.74
3956,20.43
3957,19.77
3958,67.97
3959,29.18
3960,30.58
3961,95.45
3962,23.89
3963,96.82
3964,51.67
3965,90.76
3966,62.35
3967,82.96
3968,37.44
3969,42.43
3970,19.87
3971,6.19
3972,67.37
3973,82.6
3974,26.79
3975,82.23
3976,51.17
3977,24.51
3978,24.75
3979,83.93
3980,55.02
3981,47.5
3982,73.46
3983,61.25
3984,98.77
3985,93.25
3986,18.21
3987,52.55
3988,5.9
3989,19.34
3990,69.71
3991,57.08
3992,59.41
3993,54.58
3994,81.6
3995,7.1
3996,48.9
3997,53.39
3998,82.92
3999,25.51
4000,1.6
4001,8.96
4002,45.8
4003,74.91
4004,63.82
4005,41.0
4006,16.1
4007,35.89
4008,27.92
4009,90.49
4010,67.28
4011,89.5
4012,85.9
4013,27.65
4014,85.03
4015,36.14
4016,73.33
4017,65.55
4018,61.49
4019,11.22
4020,56.94
4021,6.17
4022,9.05
4023,20.93
4024,90.06
4025,17.63
4026,95.78
4027,64.93
4028,56.43
4029,94.68
4030,24.18
4031,11.22
4032,53.71
4033,44.55
4034,55.99
4035,91.0
4036,19.54
4037,17.56
4038,27.55
4039,71.25
4040,48.04
4041,23.35
4042,81.54
4043,56.95
4044,69.49
4045,3.01
4046,82.38
4047,14.35
4048,43.67
4049,90.39
4050,1.37
4051,47.53
4052,90.42
4053,53.29
4054,29.18
4055,50.42
4056,52.67
4057,96.15
4058,37.76
4059,90.2
4060,1.25
4061,66.65
4062,42.59
4063,47.87
4064,25.96
4065,41.4
4066,29.06
4067,1.16
4068,73.95
4069,60.08
4070,45.62
4071,33.69
4072,62.25
4073,75.15
4074,33.11
4075,75.59
4076,41.6
4077,70.51
4078,96.66
4079,3.56
4080,94.7
4081,47.31
4082,97.89
4083,80.13
4084,14.78
4085,50.66
4086,67.09
4087,52.97
4088,44.42
4089,57.64
4090,88.88
4091,11.32
4092,58.27
4093,35.72
4094,35.09
4095,61.78
4096,85.79
4097,86.04
4098,41.5
4099,55.23
4100,7.06
4101,47.22
4102,79.8
4103,70.08
4104,99.41
4105,32.99
4106,68.55
4107,24.78
4108,67.45
4109,3.17
4110,9.92
4111,15.57
4112,46.38
4113,69.52
4114,9.95
4115,66.04
4116,81.19
4117,87.2
4118,99.06
4119,42.1
4120,88.59
4121,62.59
4122,12.3
4123,19.25
4124,37.2
4125,93.17
4126,77.78
4127,89.13
4128,95.2
4129,84.38
4130,18.61
4131,82.46
4132,50.09
4133,12.29
4134,64.61
4135,45.38
4136,78.79
4137,40.6
4138,63.35
4139,39.24
4140,98.22
4141,51.39
4142,84.78
4143,29.34
4144,20.01
4145,90.92
4146,75.02
4147,92.42
4148,19.64
4149,8.04
4150,49.42
4151,30.01
4152,88.78
4153,46.85
4154,98.42
4155,82.17
4156,96.77
4157,91.99
4158,66.45
4159,59.16
4160,83.69
4161,47.37
4162,6.16
4163,21.38
4164,83.01
4165,55.59
4166,86.99
4167,97.62
4168,26.67
4169,89.98
4170,16.79
4171,54.77
4172,52.91
4173,10.61
4174,27.38
4175,16.9
4176,12.66
4177,68.32
4178,63.65
4179,70.9
4180,95.79
4181,32.48
4182,53.1
4183,72.1
4184,80.02
4185,12.92
4186,47.08
4187,37.48
4188,10.09
4189,31.02
4190,75.25
4191,75.28
4192,80.64
4193,25.08
4194,24.63
4195,31.16
4196,32.75
4197,19.47
4198,86.93
4199,4.16
4200,51.94
4201,57.64
4202,49.01
4203,60.39
4204,39.81
4205,75.31
4206,69.3
4207,65.71
4208,71.22
4209,21.56
4210,3.97
4211,36.13
4212,43.64
4213,44.37
4214,87.93
4215,7.47
4216,79.34
4217,53.34
4218,18.53
4219,35.38
4220,92.3
4221,30.46
4222,91.29
4223,15.86
4224,64.93
4225,81.51
4226,88.91
4227,17.13
4228,76.88
4229,23.51
4230,82.47
4231,40.11
4232,21.36
4233,32.84
4234,66.09
4235,76.58
4236,68.86
4237,30.89
4238,51.73
4239,23.27
4240,14.13
4241,86.82
4242,81.67
4243,97.65
4244,45.72
4245,42.28
4246,44.64
4247,22.76
4248,82.59
4249,65.87
4250,25.99
4251,12.13
4252,92.71
4253,87.28
4254,79.44
4255,23.0
4256,38.98
4257,91.71
4258,55.54
4259,14.44
4260,1.72
4261,19.42
4262,66.18
4263,89.93
4264,52.12
4265,64.75
4266,87.81
4267,40.4
4268,36.67
4269,71.57
4270,54.8
4271,62.51
4272,23.75
4273,28.86
4274,63.57
4275,22.02
4276,0.78
4277,83.89
4278,24.41
4279,35.68
4280,54.09
4281,63.71
4282,64.26
4283,64.77
4284,2.44
4285,95.4
4286,48.48
4287,99.61
4288,95.24
4289,26.16
4290,32.51
4291,3.2
4292,48.83
4293,66.01
4294,61.47
4295,73.55
4296,70.21
4297,9.59
4298,99.19
4299,51.52
4300,12.1
4301,9.86
4302,98.19
4303,38.32
4304,96.87
4305,61.39
4306,68.84
4307,58.35
4308,25.43
4309,7.38
4310,80.03
4311,8.77
4312,22.27
4313,99.26
4314,89.58
4315,68.62
4316,65.17
4317,9.0
4318,13.55
4319,46.81
4320,66.08
4321,60.94
4322,12.66
4323,38.56
4324,70.1
4325,8.34
4326,19.3
4327,43.1
4328,95.73
4329,63.15
4330,15.3
4331,33.91
4332,85.66
4333,78.51
4334,10.63
4335,49.77
4336,95.68
4337,32.62
4338,5.08
4339,3.03
4340,57.82
4341,91.38
4342,80.47
4343,0.42
4344,93.0
4345,88.04
4346,65.29
4347,21.37
4348,63.31
4349,82.96
4350,64.09
4351,24.2
4352,92.89
4353,19.65
4354,28.41
4355,37.0
4356,58.24
4357,37.41
4358,98.78
4359,21.44
4360,26.14
4361,92.41
4362,49.71
4363,65.75
4364,45.27
4365,53.19
4366,75.5
4367,29.0
4368,76.95
4369,33.35
4370,20.58
4371,58.95
4372,44.79
4373,52.28
4374,36.52
4375,80.28
4376,4.49
4377,54.32
4378,21.84
4379,80.64
4380,92.72
4381,88.84
4382,85.94
4383,24.91
4384,86.05
4385,17.62
4386,79.53
4387,85.65
4388,4.22
4389,11.38
4390,86.99
4391,83.02
4392,65.44
4393,38.42
4394,21.38
4395,79.68
4396,42.26
4397,60.36
4398,27.31
4399,65.31
4400,46.34
4401,3.84
4402,75.08
4403,33.43
4404,18.39
4405,14.03
4406,62.35
4407,27.89
4408,61.18
4409,28.9
4410,88.03
4411,8.49
4412,20.28
4413,14.76
4414,16.27
4415,58.94
4416,79.23
4417,66.88
4418,67.97
4419,55.91
4420,5.1
4421,89.83
4422,12.93
4423,50.23
4424,74.33
4425,24.32
4426,33.09
4427,66.14
4428,74.1
4429,88.09
4430,83.3
4431,36.17
4432,81.62
4433,62.78
4434,88.49
4435,64.06
4436,4.28
4437,87.14
4438,93.62
4439,44.21
4440,19.36
4441,33.63
4442,5.77
4443,96.53
4444,52.12
4445,31.27
4446,84.22
4447,76.68
4448,32.31
4449,13.53
4450,94.91
4451,60.38
4452,56.48
4453,18.03
4454,84.92
4455,48.31
4456,1.83
4457,6.11
4458,17.03
4459,58.09
4460,35.24
4461,19.79
4462,26.04
4463,42.76
4464,0.38
4465,75.61
4466,41.72
4467,67.37
4468,62.71
4469,13.21
4470,9.18
4471,55.33
4472,30.07
4473,80.09
4474,43.57
4475,36.16
4476,45.75
4477,86.43
4478,81.94
4479,86.21
4480,11.93
4481,68.15
4482,39.08
4483,17.0
4484,74.35
4485,69.39
4486,7.29
4487,91.51
4488,72.36
4489,38.99
4490,6.03
4491,64.18
4492,87.36
4493,28.17
4494,11.05
4495,81.5
4496,6.75
4497,98.46
4498,8.68
4499,34.55
4500,17.38
4501,83.81
4502,65.81
4503,0.06
4504,34.34
4505,16.89
4506,77.96
4507,75.75
4508,26.29
4509,62.85
4510,17.42
4511,26.88
4512,33.23
4513,34.09
4514,85.41
4515,21.31
4516,37.76
4517,58.71
4518,70.21
4519,81.74
4520,87.7
4521,24.43
4522,74.84
4523,95.97
4524,99.34
4525,93.99
4526,37.02
4527,1.78
4528,84.99
4529,77.16
4530,28.09
4531,25.43
4532,4.65
4533,96.57
4534,99.44
4535,44.49
4536,73.54
4537,83.43
4538,20.2
4539,82.21
4540,62.79
4541,9.33
4542,47.59
4543,23.56
4544,95.12
4545,8.85
4546,18.06
4547,65.96
4548,52.14
4549,27.0
4550,66.7
4551,72.19
4552,96.2
4553,44.86
4554,66.42
4555,46.08
4556,81.67
4557,38.54
4558,25.05
4559,30.68
4560,80.62
4561,53.72
4562,81.3
4563,37.51
4564,98.43
4565,26.09
4566,36.03
4567,84.82
4568,4.02
4569,45.43
4570,20.23
4571,24.86
4572,20.3
4573,18.56
4574,29.7
4575,32.82
4576,18.52
4577,56.08
4578,43.42
4579,74.78
4580,71.87
4581,72.22
4582,23.61
4583,58.67
4584,79.02
4585,46.07
4586,54.98
4587,11.73
4588,15.01
4589,89.16
4590,66.76
4591,71.72
4592,80.99
4593,19.68
4594,60.56
4595,59.84
4596,21.62
4597,30.8
4598,30.15
4599,54.21
4600,70.85
4601,9.4
4602,72.77
4603,30.23
4604,59.16
4605,26.31
4606,76.81
4607,60.02
4608,47.33
4609,64.04
4610,12.77
4611,43.67
4612,30.59
4613,80.19
4614,70.79
4615,86.74
4616,62.62
4617,45.97
4618,60.42
4619,76.06
4620,20.73
4621,59.08
4622,54.3
4623,72.12
4624,84.77
4625,74.71
4626,92.33
4627,33.95
4628,28.97
4629,93.92
4630,40.79
4631,49.7
4632,48.55
4633,2.58
4634,59.16
4635,90.22
4636,47.66
4637,32.22
4638,29.59
4639,37.12
4640,71.34
4641,11.52
4642,0.85
4643,44.24
4644,78.63
4645,73.7
4646,4.74
4647,24.3
4648,46.64
4649,35.09
4650,62.76
4651,62.83
4652,99.62
4653,12.27
4654,11.21
4655,20.67
4656,5.6
4657,82.47
4658,72.33
4659,93.23
4660,39.49
4661,85.5
4662,34.56
4663,3.07
4664,21.48
4665,59.05
4666,30.32
4667,63.4
4668,98.44
4669,78.02
4670,77.74
4671,11.88
4672,31.13
4673,78.6
4674,47.03
4675,95.67
4676,63.89
4677,30.68
4678,4.65
4679,20.53
4680,99.43
4681,57.05
4682,67.02
4683,20.97
4684,83.46
4685,53.83
4686,72.88
4687,40.81
4688,71.36
4689,1.1
4690,34.98
4691,70.93
4692,32.03
4693,48.16
4694,24.61
4695,16.14
4696,57.51
4697,43.7
4698,78.29
4699,47.61
4700,98.08
4701,19.65
4702,96.08
4703,2.67
4704,1.39
4705,29.97
4706,92.04
4707,3.75
4708,47.69
4709,15.08
4710,21.16
4711,15.07
4712,73.33
4713,25.56
4714,42.58
4715,69.52
4716,7.89
4717,22.84
4718,73.28
4719,5.97
4720,77.02
4721,87.09
4722,77.72
4723,66.07
4724,94.09
4725,10.93
4726,37.35
4727,56.13
4728,12.65
4729,23.76
4730,70.98
4731,73.48
4732,29.61
4733,57.1
4734,30.82
4735,43.16
4736,99.2
4737,29.39
4738,77.74
4739,74.09
4740,24.61
4741,33.09
4742,48.1
4743,53.22
4744,20.98
4745,53.97
4746,72.54
4747,58.95
4748,72.79
4749,30.26
4750,2.04
4751,60.72
4752,58.57
4753,81.46
4754,62.69
4755,97.31
4756,38.57
4757,69.25
4758,31.3
4759,1.49
4760,66.53
4761,40.99
4762,21.34
4763,94.07
4764,41.09
4765,5.81
4766,51.97
4767,91.7
4768,67.61
4769,10.16
4770,76.4
4771,90.3
4772,14.27
4773,66.42
4774,40.01
4775,89.95
4776,68.36
4777,59.76
4778,42.72
4779,48.15
4780,59.37
4781,8.42
4782,34.37
4783,30.92
4784,96.61
4785,83.62
4786,46.74
4787,46.11
4788,63.44
4789,38.42
4790,0.28
4791,82.49
4792,21.97
4793,93.14
4794,94.65
4795,80.89
4796,35.94
4797,49.35
4798,85.54
4799,97.68
4800,83.19
4801,15.87
4802,19.67
4803,98.1
4804,90.07
4805,62.29
4806,88.15
4807,6.83
4808,7.35
4809,70.66
4810,40.48
4811,79.2
4812,28.23
4813,55.53
4814,6.77
4815,68.32
4816,43.31
4817,11.15
4818,96.36
4819,66.89
4820,96.86
4821,85.81
4822,73.9
4823,54.06
4824,58.28
1,66.47
2,1.13
3,36.1
4,18.32
5,94.92
6,16.89
7,68.08
8,86.24
9,71.86
10,88.09
11,73.73
12,1.28
13,58.37
14,68.31
15,59.82
16,25.67
17,28.37
18,68.69
19,76.08
20,24.16
21,13.4
22,18.57
23,44.28
24,45.58
25,73.49
26,43.8
27,65.52
28,20.54
29,34.27
30,19.72
31,6.43
32,50.15
33,45.13
34,98.13
35,36.5
36,83.19
37,32.46
38,0.7
39,71.87
40,61.1
41,25.99
42,63.82
43,80.53
44,50.65
45,80.18
46,16.26
47,93.99
48,65.2
49,74.9
50,41.17
51,64.41
52,41.85
53,98.82
54,70.54
55,0.51
56,3.25
57,55.13
58,10.99
59,73.92
60,39.73
61,15.97
62,60.4
63,75.52
64,56.22
65,48.7
66,66.43
67,26.12
68,29.41
69,81.02
70,91.67
71,54.04
72,86.87
73,9.69
74,56.66
75,48.51
76,78.79
77,60.54
78,38.1
79,20.69
80,88.3
81,76.2
82,44.94
83,55.72
84,74.68
85,64.67
86,94.56
87,56.57
88,35.2
89,5.57
90,23.23
91,89.99
92,98.99
93,80.66
94,23.79
95,27.53
96,70.35
97,21.18
98,9.9
99,11.11
100,51.8
101,52.44
102,28.09
103,11.92
104,47.65
105,59.57
106,98.29
107,14.67
108,42.23
109,18.61
110,32.87
111,91.24
112,38.6
113,15.92
114,55.73
115,23.89
116,23.81
117,20.88
118,6.51
119,5.78
120,26.28
121,75.46
122,41.23
123,9.73
124,96.49
125,71.49
126,29.41
127,39.52
128,14.27
129,39.54
130,54.9
131,20.16
132,89.34
133,54.59
134,67.82
135,84.94
136,5.7
137,50.64
138,23.08
139,73.75
140,81.82
141,76.09
142,59.62
143,6.67
144,51.58
145,82.92
146,62.25
147,59.81
148,38.8
149,9.07
150,65.39
151,35.77
152,58.61
153,38.89
154,98.55
155,16.86
156,45.71
157,1.72
158,95.98
159,14.17
160,78.46
161,18.01
162,87.55
163,38.23
164,4.21
165,37.2
166,94.59
167,95.31
168,74.01
169,35.33
170,28.66
171,90.42
172,92.34
173,3.76
174,81.77
175,82.68
176,66.21
177,36.46
178,74.98
179,45.86
180,94.61
181,0.23
182,34.1
183,27.61
184,19.81
185,58.53
186,67.96
187,58.7
188,73.92
189,39.35
190,52.45
191,71.77
192,81.0
193,24.61
194,1.09
195,9.35
196,46.92
197,23.44
198,61.83
199,98.59
200,93.14
201,82.5
202,51.32
203,45.16
204,35.09
205,3.6
206,18.96
207,12.48
208,82.38
209,63.15
210,7.32
211,53.49
212,89.1
213,69.18
214,16.18
215,38.09
216,83.42
217,54.36
218,28.82
219,12.46
220,17.29
221,81.07
222,19.7
223,54.76
224,18.8
225,26.28
226,60.66
227,3.93
228,98.54
229,8.77
230,56.25
231,66.6
232,60.43
233,33.01
234,51.21
235,35.08
236,90.0
237,4.2
238,47.79
239,69.63
240,86.17
241,80.39
242,57.25
243,88.7
244,30.29
245,78.63
246,87.73
247,96.97
248,95.86
249,6.35
250,5.21
251,64.02
252,62.83
253,40.26
254,93.32
255,57.57
256,70.1
257,40.83
258,10.64
259,83.48
260,96.26
261,30.74
262,81.77
263,4.35
264,19.47
265,83.63
266,40.04
267,78.35
268,32.13
269,25.11
270,70.13
271,78.12
272,50.06
273,12.62
274,96.08
275,80.73
276,53.22
277,60.14
278,46.52
279,6.71
280,33.1
281,94.83
282,24.81
283,74.24
284,4.81
285,27.42
286,56.63
287,25.17
288,74.89
289,7.33
290,65.22
291,46.57
292,77.16
293,89.85
294,95.67
295,63.72
296,42.68
297,33.41
298,63.09
299,37.66
300,55.88
301,14.2
302,92.52
303,0.4
304,31.78
305,66.72
306,67.26
307,96.44
308,96.46
309,57.95
310,23.51
311,37.28
312,71.56
313,97.32
314,55.12
315,31.19
316,83.63
317,82.84
318,90.94
319,65.94
320,43.79
321,43.89
322,94.25
323,57.97
324,61.22
325,31.16
326,92.17
327,63.83
328,46.18
329,13.25
330,62.46
331,19.34
332,0.39
333,25.68
334,6.99
335,86.05
336,80.93
337,25.85
338,23.23
339,30.84
340,44.58
341,28.93
342,77.07
343,15.66
344,84.24
345,33.91
346,68.48
347,27.61
348,49.54
349,33.67
350,26.05
351,75.79
352,91.19
353,33.46
354,80.16
355,96.08
356,50.63
357,73.93
358,9.73
359,53.8
360,83.19
361,60.95
362,6.99
363,77.47
364,56.58
365,70.92
366,17.8
367,71.82
368,69.11
369,3.65
370,31.2
371,47.9
372,98.7
373,29.46
374,39.58
375,9.36
376,11.26
377,41.94
378,21.76
379,82.05
380,97.31
381,74.62
382,19.88
383,49.03
384,90.65
385,90.85
386,0.77
387,18.66
388,33.77
389,98.71
390,46.89
391,60.77
392,15.93
393,33.53
394,81.67
395,82.45
396,70.65
397,71.11
398,67.22
399,39.65
400,53.88
401,31.39
402,47.8
403,5.55
404,61.25
405,58.19
406,19.54
407,72.5
408,43.97
409,60.08
410,85.68
411,59.75
412,50.36
413,92.74
414,41.69
415,75.06
416,70.34
417,79.44
418,94.55
419,37.62
420,55.5
421,46.1
422,4.35
423,58.5
424,98.53
425,35.44
426,82.08
427,78.55
428,33.09
429,32.51
430,69.98
431,14.71
432,33.02
433,29.84
434,68.24
435,59.39
436,76.66
437,1.35
438,30.85
439,88.1
440,23.6
441,39.61
442,40.79
443,2.46
444,86.2
445,26.12
446,95.91
447,12.34
448,18.16
449,36.14
450,79.47
451,73.91
452,1.44
453,16.95
454,5.46
455,13.66
456,98.42
457,64.16
458,78.92
459,14.31
460,70.28
461,38.81
462,27.46
463,76.87
464,8.4
465,93.42
466,67.08
467,55.45
468,77.93
469,62.9
470,49.31
471,34.06
472,83.28
473,5.57
474,48.38
475,4.16
476,31.54
477,13.44
478,15.71
479,36.08
480,58.56
481,77.78
482,87.75
483,97.42
484,23.06
485,99.66
486,25.44
487,23.78
488,21.2
489,74.86
490,27.96
491,46.93
492,63.25
493,98.32
494,23.77
495,15.45
496,7.64
497,39.02
498,4.82
499,8.05
500,28.06
501,91.31
502,42.76
503,80.64
504,44.1
505,93.75
506,62.37
507,47.17
508,49.3
509,33.78
510,84.28
511,22.0
512,78.44
513,21.03
514,95.69
515,4.43
516,84.09
517,27.3
518,1.39
519,75.46
520,96.42
521,45.25
522,80.95
523,95.5
524,72.77
525,52.83
526,9.77
527,91.2
528,9.65
529,73.94
530,27.03
531,63.0
532,13.89
533,95.58
534,98.14
535,10.83
536,70.99
537,34.28
538,81.74
539,13.17
540,64.1
541,70.37
542,78.65
543,89.75
544,27.05
545,96.05
546,22.36
547,36.5
548,74.62
549,44.69
550,92.62
551,54.23
552,48.64
553,51.87
554,60.31
555,93.5
556,59.77
557,62.1
558,30.47
559,73.26
560,58.06
561,34.82
562,50.15
563,1.31
564,10.44
565,39.13
566,49.45
567,19.13
568,96.55
569,96.34
570,63.83
571,9.73
572,46.69
573,18.56
574,25.07
575,3.71
576,84.01
577,14.01
578,50.83
579,44.49
580,87.68
581,9.06
582,16.11
583,62.94
584,33.46
585,70.54
586,40.23
587,84.78
588,65.11
589,42.41
590,57.4
591,91.4
592,54.61
593,40.67
594,26.84
595,82.49
596,48.42
597,56.58
598,64.79
599,37.92
600,25.82
601,20.24
602,51.18
603,99.67
604,10.39
605,36.0
606,14.32
607,27.82
608,44.21
609,5.49
610,8.6
611,4.32
612,92.86
613,65.22
614,98.37
615,84.34
616,94.79
617,35.27
618,11.61
619,82.68
620,46.03
621,8.72
622,18.95
623,11.57
624,19.18
625,93.34
626,20.26
627,22.91
628,38.64
629,93.39
630,93.03
631,58.35
632,22.2
633,82.95
634,93.92
635,21.08
636,95.74
637,48.99
638,71.93
639,75.48
640,74.68
641,13.65
642,67.41
643,29.35
644,40.77
645,44.83
646,41.93
647,17.8
648,32.52
649,49.76
650,91.88
651,56.56
652,27.31
653,78.36
654,47.37
655,83.81
656,19.22
657,69.24
658,92.42
659,39.95
660,92.14
661,36.4
662,63.46
663,28.94
664,48.93
665,75.52
666,34.19
667,18.14
668,1.6
669,30.35
670,51.01
671,89.45
672,8.12
673,37.52
674,75.6
675,37.71
676,94.57
677,10.95
678,40.43
679,71.53
680,74.61
681,67.81
682,24.73
683,51.86
684,87.93
685,18.33
686,21.96
687,65.13
688,94.5
689,66.93
690,96.29
691,15.15
692,26.2
693,42.41
694,34.75
695,1.85
696,51.22
697,50.28
698,85.59
699,88.22
700,56.71
701,19.11
702,13.83
703,63.9
704,0.81
705,28.93
706,49.52
707,11.74
708,1.69
709,6.97
710,59.06
711,13.53
712,76.01
713,0.44
714,78.69
715,81.35
716,18.25
717,44.58
718,63.43
719,73.12
720,93.08
721,81.79
722,78.05
723,8.26
724,68.08
725,63.61
726,35.2
727,48.56
728,84.04
729,7.24
730,36.17
731,85.75
732,48.42
733,80.42
734,27.72
735,93.26
736,83.63
737,73.99
738,70.01
739,39.06
740,43.03
741,42.53
742,14.32
743,20.21
744,17.62
745,94.53
746,3.48
747,81.8
748,55.34
749,75.0
750,63.02
751,52.36
752,34.71
753,94.99
754,30.36
755,16.92
756,92.76
757,37.44
758,2.62
759,34.57
760,14.34
761,81.65
762,34.37
763,73.86
764,47.29
765,18.27
766,88.96
767,53.87
768,35.34
769,77.93
770,50.81
771,66.78
772,20.91
773,95.98
774,82.02
775,58.71
776,66.66
777,41.0
778,61.84
779,91.89
780,18.49
781,54.56
782,27.88
783,72.95
784,37.78
785,45.26
786,97.42
787,96.34
788,53.21
789,62.19
790,35.89
791,9.98
792,77.24
793,43.54
794,41.58
795,84.39
796,1.16
797,56.17
798,73.64
799,83.43
800,62.76
801,6.2
802,44.44
803,61.4
804,73.96
805,49.85
806,30.19
807,15.99
808,24.79
809,79.13
810,46.02
811,33.97
812,83.06
813,12.09
814,54.01
815,87.91
816,99.59
817,8.77
818,2.29
819,69.98
820,51.29
821,79.4
822,31.97
823,97.26
824,80.37
825,15.23
826,66.66
827,60.02
828,19.44
829,59.3
830,37.23
831,81.25
832,92.76
833,78.51
834,69.07
835,25.97
836,48.08
837,16.38
838,73.42
839,44.34
840,13.28
841,5.98
842,76.32
843,42.28
844,65.06
845,36.23
846,11.03
847,21.99
848,20.26
849,62.59
850,80.32
851,63.05
852,97.75
853,93.81
854,75.66
855,30.16
856,32.77
857,30.14
858,80.25
859,6.99
860,52.05
861,40.65
862,8.21
863,73.49
864,62.29
865,91.92
866,34.06
867,49.85
868,7.48
869,41.52
870,65.66
871,2.88
872,17.02
873,5.17
874,91.51
875,65.35
876,43.12
877,83.87
878,14.15
879,48.45
880,91.95
881,53.42
882,32.56
883,52.7
884,89.99
885,85.4
886,62.56
887,51.94
888,89.38
889,61.18
890,35.52
891,72.48
892,69.88
893,4.12
894,56.45
895,71.83
896,82.33
897,8.84
898,89.93
899,42.06
900,74.58
901,80.75
902,56.85
903,69.51
904,71.44
905,55.67
906,76.94
907,9.64
908,76.11
909,17.35
910,46.66
911,83.85
912,56.12
913,32.91
914,13.23
915,47.33
916,64.24
917,8.7
918,74.82
919,63.49
920,73.86
921,39.81
922,40.51
923,23.28
924,70.51
925,68.9
926,98.81
927,60.1
928,74.43
929,16.38
930,88.89
931,69.16
932,98.89
933,35.47
934,60.3
935,53.18
936,60.1
937,25.29
938,86.08
939,77.33
940,55.29
941,62.98
942,57.38
943,43.5
944,36.79
945,92.24
946,62.05
947,47.06
948,89.85
949,12.33
950,77.31
951,96.78
952,2.83
953,1.79
954,33.52
955,17.11
956,56.14
957,62.45
958,69.36
959,70.98
960,46.53
961,14.64
962,21.05
963,11.78
964,21.03
965,41.61
966,0.18
967,59.95
968,59.45
969,89.88
970,87.62
971,33.54
972,18.27
973,62.13
974,44.27
975,57.66
976,5.2
977,48.23
978,17.33
979,28.04
980,64.33
981,84.89
982,19.44
983,29.64
984,32.57
985,58.72
986,12.01
987,68.93
988,34.84
989,5.46
990,55.11
991,3.93
992,49.92
993,82.64
994,4.21
995,89.46
996,12.66
997,15.01
998,43.49
999,13.03
1000,77.24
1001,39.6
1002,71.79
1003,90.36
1004,80.93
1005,16.69
1006,63.97
1007,18.01
1008,89.89
1009,13.82
1010,72.11
1011,0.8
1012,56.72
1013,88.82
1014,28.71
1015,95.63
1016,98.97
1017,86.5
1018,11.17
1019,71.77
1020,69.34
1021,53.49
1022,38.83
1023,14.42
1024,72.21
1025,51.79
1026,90.15
1027,70.57
1028,68.86
1029,52.4
1030,79.09
1031,80.86
1032,81.29
1033,88.37
1034,44.45
1035,71.69
1036,10.5
1037,78.26
1038,72.58
1039,99.16
1040,54.7
1041,53.75
1042,18.47
1043,70.53
1044,73.29
1045,81.97
1046,44.36
1047,77.95
1048,47.08
1049,48.9
1050,64.64
1051,77.87
1052,21.09
1053,75.55
1054,31.85
1055,69.57
1056,99.75
1057,51.63
1058,16.18
1059,72.4
1060,64.47
1061,0.58
1062,28.92
1063,4.61
1064,93.52
1065,74.52
1066,74.05
1067,2.21
1068,2.12
1069,10.91
1070,96.03
1071,73.34
1072,84.15
1073,76.74
1074,0.76
1075,33.55
1076,46.05
1077,9.52
1078,91.83
1079,42.05
1080,66.87
1081,0.22
1082,9.46
1083,30.02
1084,73.05
1085,7.1
1086,84.04
1087,54.35
1088,46.6
1089,2.39
1090,30.42
1091,35.89
1092,56.37
1093,96.57
1094,74.23
1095,97.79
1096,79.41
1097,53.07
1098,88.74
1099,58.02
1100,55.22
1101,4.21
1102,78.86
1103,49.15
1104,97.43
1105,52.72
1106,23.79
1107,32.5
1108,77.33
1109,88.73
1110,20.06
1111,30.3
1112,8.37
1113,5.26
1114,16.87
1115,84.13
1116,60.95
1117,45.36
1118,99.43
1119,53.9
1120,81.95
1121,15.25
1122,74.25
1123,91.5
1124,96.03
1125,28.95
1126,74.49
1127,35.11
1128,71.64
1129,65.82
1130,34.46
1131,58.9
1132,2.74
1133,31.92
1134,86.2
1135,61.13
1136,48.84
1137,49.95
1138,27.02
1139,80.39
1140,97.7
1141,95.83
1142,71.28
1143,48.7
1144,41.07
1145,59.35
1146,23.24
1147,18.57
1148,24.22
1149,32.64
1150,32.6
1151,10.43
1152,24.89
1153,73.5
1154,3.87
1155,0.59
1156,80.55
1157,3.33
1158,18.99
1159,70.14
1160,19.79
1161,98.24
1162,25.12
1163,46.19
1164,43.21
1165,39.29
1166,15.05
1167,50.84
1168,55.88
1169,14.4
1170,87.2
1171,97.14
1172,59.2
1173,74.33
1174,75.5
1175,85.54
1176,91.48
1177,12.34
1178,14.86
1179,55.97
1180,90.31
1181,77.36
1182,95.15
1183,93.29
1184,6.55
1185,43.24
1186,23.56
1187,95.89
1188,1.36
1189,15.44
1190,44.94
1191,21.8
1192,23.16
1193,84.77
1194,0.1
1195,7.72
1196,30.25
1197,26.49
1198,73.25
1199,28.31
1200,4.2
1201,10.8
1202,88.95
1203,76.76
1204,35.48
1205,10.23
1206,90.44
1207,96.0
1208,99.62
1209,26.25
1210,64.74
1211,69.35
1212,12.8
1213,99.81
1214,72.08
1215,44.17
1216,22.51
1217,81.79
1218,73.46
1219,24.06
1220,63.35
1221,3.85
1222,9.56
1223,83.84
1224,13.95
1225,77.91
1226,56.78
1227,27.87
1228,68.55
1229,27.06
1230,95.78
1231,88.59
1232,85.16
1233,37.74
1234,58.71
1235,79.76
1236,29.11
1237,12.72
1238,66.76
1239,52.11
1240,89.53
1241,92.5
1242,99.69
1243,93.78
1244,34.27
1245,72.21
1246,77.04
1247,62.47
1248,87.2
1249,92.11
1250,83.88
1251,53.58
1252,66.69
1253,57.76
1254,22.57
1255,94.23
1256,26.31
1257,27.61
1258,14.77
1259,19.88
1260,70.22
1261,66.52
1262,87.57
1263,17.05
1264,31.11
1265,51.03
1266,41.44
1267,63.83
1268,87.5
1269,76.71
1270,23.57
1271,26.56
1272,22.34
1273,89.04
1274,5.91
1275,31.27
1276,16.38
1277,6.28
1278,20.02
1279,38.15
1280,31.38
1281,36.08
1282,44.61
1283,20.3
1284,21.81
1285,50.6
1286,48.96
1287,44.89
1288,95.14
1289,54.27
1290,71.82
1291,71.14
1292,15.34
1293,55.25
1294,4.25
1295,62.28
1296,62.63
1297,3.1
1298,3.7
1299,86.19
1300,71.42
1301,19.49
1302,77.45
1303,70.93
1304,17.74
1305,90.32
1306,56.39
1307,63.91
1308,76.27
1309,8.08
1310,15.48
1311,22.62
1312,25.57
1313,45.34
1314,79.77
1315,98.65
1316,67.34
1317,69.13
1318,24.24
1319,65.22
1320,59.44
1321,2.22
1322,20.61
1323,57.54
1324,93.21
1325,81.56
1326,2.28
1327,43.32
1328,91.71
1329,9.87
1330,87.07
1331,22.64
1332,1.06
1333,0.87
1334,36.23
1335,3.98
1336,94.99
1337,82.3
1338,1.69
1339,69.63
1340,48.69
1341,15.1
1342,77.93
1343,2.31
1344,47.25
1345,13.99
1346,66.8
1347,90.74
1348,11.75
1349,34.82
1350,97.47
1351,21.19
1352,66.39
1353,84.66
1354,14.61
1355,81.12
1356,4.8
1357,37.24
1358,0.42
1359,69.31
1360,51.4
1361,26.76
1362,87.96
1363,6.32
1364,25.23
1365,31.45
1366,79.27
1367,45.96
1368,11.48
1369,53.63
1370,37.96
1371,3.14
1372,3.4
1373,44.33
1374,56.27
1375,4.89
1376,23.5
1377,65.4
1378,21.8
1379,45.03
1380,58.01
1381,87.78
1382,20.52
1383,98.55
1384,86.02
1385,94.93
1386,27.66
1387,45.62
1388,76.06
1389,77.61
1390,54.28
1391,27.18
1392,20.5
1393,68.39
1394,48.51
1395,64.03
1396,8.42
1397,13.18
1398,61.06
1399,69.43
1400,48.11
1401,30.48
1402,82.19
1403,45.48
1404,64.48
1405,99.85
1406,69.47
1407,36.05
1408,35.71
1409,19.38
1410,34.94
1411,46.42
1412,59.73
1413,27.53
1414,55.15
1415,23.54
1416,72.71
1417,14.66
1418,84.0
1419,95.93
1420,72.35
1421,36.52
1422,69.6
1423,74.53
1424,71.65
1425,15.46
1426,30.91
1427,55.95
1428,41.1
1429,9.03
1430,12.29
1431,40.13
1432,91.23
1433,83.01
1434,30.04
1435,6.96
1436,28.47
1437,78.29
1438,49.65
1439,52.84
1440,9.28
1441,58.43
1442,65.11
1443,12.83
1444,33.49
1445,63.74
1446,77.6
1447,61.75
1448,20.23
1449,1.17
1450,1.86
1451,88.93
1452,21.47
1453,95.7
1454,76.14
1455,56.84
1456,88.12
1457,94.49
1458,34.83
1459,75.16
1460,30.6
1461,10.94
1462,17.63
1463,7.72
1464,42.06
1465,2.7
1466,99.24
1467,79.92
1468,95.99
1469,58.61
1470,92.78
1471,31.49
1472,55.6
1473,50.37
1474,42.37
1475,54.45
1476,10.88
1477,73.13
1478,0.46
1479,89.07
1480,30.65
1481,0.77
1482,92.14
1483,69.86
1484,59.0
1485,57.32
1486,88.82
1487,99.28
1488,99.67
1489,79.58
1490,32.03
1491,90.85
1492,97.78
1493,11.71
1494,72.01
1495,89.63
1496,56.37
1497,19.44
1498,71.52
1499,69.57
1500,57.11
1501,7.08
1502,40.46
1503,52.14
1504,87.66
1505,0.65
1506,53.32
1507,45.66
1508,94.71
1509,44.07
1510,45.92
1511,25.81
1512,21.28
1513,40.61
1514,96.37
1515,97.65
1516,16.73
1517,56.27
1518,58.4
1519,38.64
1520,78.82
1521,23.25
1522,47.53
1523,57.87
1524,60.5
1525,78.81
1526,67.84
1527,87.52
1528,11.47
1529,31.9
1530,19.96
1531,61.79
1532,51.97
1533,22.35
1534,86.02
1535,32.32
1536,65.25
1537,48.02
1538,62.57
1539,9.5
1540,69.93
1541,29.47
1542,68.67
1543,84.58
1544,70.06
1545,60.2
1546,33.89
1547,8.63
1548,81.62
1549,29.02
1550,33.99
1551,83.74
1552,18.01
1553,54.29
1554,42.43
1555,43.75
1556,46.35
1557,94.55
1558,15.59
1559,29.57
1560,75.5
1561,76.04
1562,40.64
1563,53.41
1564,86.97
1565,46.76
1566,8.99
1567,3.46
1568,38.12
1569,18.77
1570,17.48
1571,7.35
1572,24.77
1573,2.94
1574,12.12
1575,35.12
1576,79.84
1577,11.1
1578,63.51
1579,62.34
1580,39.0
1581,30.92
1582,15.06
1583,95.07
1584,86.2
1585,38.26
1586,14.79
1587,30.15
1588,97.75
1589,24.7
1590,60.44
1591,88.74
1592,63.81
1593,44.84
1594,66.05
1595,21.9
1596,9.97
1597,87.51
1598,60.87
1599,64.94
1600,43.48
1601,91.65
1602,84.68
1603,64.32
1604,27.4
1605,28.57
1606,97.31
1607,81.9
1608,63.1
1609,24.64
1610,50.17
1611,6.29
1612,23.71
1613,38.28
1614,33.94
1615,68.21
1616,28.09
1617,51.29
1618,48.6
1619,42.46
1620,62.9
1621,35.65
1622,31.67
1623,98.74
1624,14.54
1625,17.82
1626,47.2
1627,72.11
1628,96.16
1629,29.08
1630,55.93
1631,65.02
1632,79.41
1633,20.58
1634,52.18
1635,32.37
1636,69.0
1637,31.21
1638,80.72
1639,83.69
1640,38.78
1641,95.22
1642,68.37
1643,69.2
1644,23.8
1645,55.87
1646,46.14
1647,62.99
1648,34.43
1649,85.72
1650,75.4
1651,22.32
1652,41.18
1653,37.18
1654,90.86
1655,6.7
1656,3.96
1657,99.15
1658,52.11
1659,46.67
1660,2.58
1661,53.14
1662,53.18
1663,54.42
1664,66.45
1665,9.91
1666,8.78
1667,92.74
1668,73.81
1669,13.59
1670,59.67
1671,80.23
1672,24.46
1673,44.8
1674,79.68
1675,78.54
1676,43.26
1677,67.0
1678,56.46
1679,70.65
1680,61.29
1681,88.78
1682,67.0
1683,7.74
1684,82.46
1685,77.67
1686,87.02
1687,58.76
1688,19.48
1689,12.46
1690,57.36
1691,36.54
1692,87.12
1693,66.37
1694,71.34
1695,78.77
1696,24.73
1697,67.94
1698,46.27
1699,22.09
1700,4.91
1701,24.77
1702,25.92
1703,36.46
1704,41.68
1705,40.4
1706,6.59
1707,95.68
1708,92.88
1709,4.02
1710,16.45
1711,57.18
1712,43.33
1713,62.03
1714,15.34
1715,17.08
1716,0.4
1717,44.69
1718,94.24
1719,71.19
1720,54.94
1721,54.14
1722,6.92
1723,5.24
1724,46.08
1725,58.94
1726,7.24
1727,86.88
1728,5.23
1729,69.47
1730,94.91
1731,98.97
1732,93.62
1733,49.35
1734,34.4
1735,18.24
1736,23.6
1737,18.34
1738,44.86
1739,59.21
1740,17.01
1741,30.22
1742,94.88
1743,8.77
1744,17.53
1745,43.3
1746,90.77
1747,80.97
1748,21.95
1749,1.59
1750,40.55
1751,4.5
1752,29.09
1753,53.37
1754,65.53
1755,6.21
1756,72.44
1757,37.45
1758,65.49
1759,92.68
1760,60.85
1761,93.41
1762,9.61
1763,41.35
1764,46.41
1765,44.08
1766,19.15
1767,95.81
1768,19.88
1769,0.03
1770,89.02
1771,47.35
1772,4.5
1773,21.86
1774,67.84
1775,59.83
1776,29.51
1777,17.42
1778,49.75
1779,77.24
1780,21.31
1781,44.72
1782,27.91
1783,59.34
1784,18.08
1785,46.09
1786,22.26
1787,89.93
1788,1.01
1789,56.04
1790,33.82
1791,52.07
1792,81.02
1793,62.79
1794,20.5
1795,30.3
1796,70.65
1797,9.0
1798,1.13
1799,4.2
1800,26.34
1801,47.71
1802,60.99
1803,24.53
1804,8.19
1805,44.11
1806,80.5
1807,28.16
1808,27.36
1809,89.55
1810,91.25
1811,50.81
1812,83.24
1813,52.36
1814,95.3
1815,83.69
1816,84.91
1817,90.44
1818,57.52
1819,22.78
1820,97.5
1821,7.1
1822,57.81
1823,14.78
1824,74.0
1825,99.38
1826,11.49
1827,2.62
1828,92.22
1829,40.93
1830,26.15
1831,91.45
1832,25.93
1833,49.69
1834,9.56
1835,22.1
1836,50.35
1837,8.23
1838,15.56
1839,12.89
1840,61.7
1841,2.09
1842,86.05
1843,88.05
1844,27.91
1845,96.68
1846,94.24
1847,45.36
1848,98.74
1849,56.11
1850,79.86
1851,37.02
1852,35.75
1853,55.07
1854,35.93
1855,29.68
1856,87.31
1857,28.44
1858,62.64
1859,3.45
1860,28.78
1861,67.56
1862,12.58
1863,52.0
1864,61.73
1865,22.74
1866,89.07
1867,76.88
1868,9.21
1869,4.91
1870,51.55
1871,55.38
1872,87.88
1873,95.29
1874,45.95
1875,8.19
1876,47.78
1877,78.89
1878,95.05
1879,39.04
1880,86.32
1881,27.05
1882,60.95
1883,66.89
1884,25.26
1885,47.13
1886,74.66
1887,59.48
1888,91.76
1889,77.46
1890,79.37
1891,82.84
1892,80.1
1893,66.7
1894,85.46
1895,72.51
1896,48.22
1897,34.96
1898,76.24
1899,78.75
1900,86.55
1901,36.46
1902,5.63
1903,23.21
1904,55.9
1905,78.82
1906,91.38
1907,52.13
1908,90.31
1909,57.33
1910,44.91
1911,76.62
1912,34.37
1913,42.73
1914,86.41
1915,20.54
1916,48.99
1917,91.34
1918,64.41
1919,5.27
1920,83.98
1921,87.92
1922,92.86
1923,49.0
1924,44.86
1925,29.08
1926,5.34
1927,58.02
1928,62.82
1929,56.34
1930,64.89
1931,23.34
1932,67.55
1933,77.81
1934,85.45
1935,56.78
1936,6.6
1937,11.83
1938,51.41
1939,67.78
1940,25.4
1941,5.75
1942,49.86
1943,87.72
1944,73.66
1945,50.13
1946,94.92
1947,89.81
1948,1.09
1949,48.55
1950,95.58
1951,64.61
1952,97.35
1953,42.76
1954,37.22
1955,39.68
1956,61.55
1957,31.72
1958,65.92
1959,6.55
1960,23.63
1961,88.11
1962,5.59
1963,11.72
1964,74.91
1965,81.66
1966,93.5
1967,19.3
1968,61.72
1969,14.14
1970,6.36
1971,2.61
1972,54.57
1973,48.99
1974,25.21
1975,7.66
1976,86.0
1977,12.5
1978,11.99
1979,11.43
1980,99.16
1981,7.88
1982,29.74
1983,46.22
1984,23.45
1985,46.36
1986,56.38
1987,91.92
1988,69.7
1989,85.83
1990,29.23
1991,93.94
1992,80.8
1993,53.57
1994,82.41
1995,57.44
1996,11.66
1997,67.22
1998,49.5
1999,98.71
2000,76.36
2001,73.59
2002,50.87
2003,7.44
2004,57.46
2005,83.52
2006,27.5
2007,2.83
2008,81.26
2009,5.11
2010,10.51
2011,88.78
2012,55.55
2013,11.67
2014,18.67
2015,59.01
2016,95.75
2017,6.67
2018,4.7
2019,81.15
2020,99.88
2021,83.44
2022,96.07
2023,8.26
2024,75.1
2025,32.37
2026,53.58
2027,68.07
2028,21.6
2029,58.24
2030,4.19
2031,7.57
2032,44.9
2033,48.39
2034,69.39
2035,29.68
2036,59.55
2037,25.02
2038,21.81
2039,56.2
2040,60.25
2041,51.85
2042,73.01
2043,25.37
2044,35.12
2045,59.57
2046,24.09
2047,90.64
2048,82.59
2049,45.58
2050,74.12
2051,4.1
2052,44.25
2053,3.99
2054,67.04
2055,67.75
2056,36.04
2057,12.02
2058,99.55
2059,88.12
2060,38.56
2061,75.01
2062,20.69
2063,24.35
2064,83.52
2065,41.85
2066,81.97
2067,68.39
2068,34.97
2069,47.63
2070,88.08
2071,65.57
2072,45.69
2073,83.13
2074,51.81
2075,60.26
2076,48.54
2077,80.22
2078,21.07
2079,26.27
2080,62.73
2081,45.19
2082,23.81
2083,39.44
2084,44.95
2085,52.72
2086,6.68
2087,96.21
2088,70.9
2089,59.9
2090,19.76
2091,17.99
2092,40.92
2093,99.51
2094,34.7
2095,19.04
2096,13.92
2097,60.39
2098,67.2
2099,15.95
2100,54.27
2101,17.5
2102,32.62
2103,90.08
2104,12.9
2105,65.06
2106,65.39
2107,31.79
2108,73.88
2109,5.09
2110,46.06
2111,38.27
2112,38.45
2113,63.38
2114,96.2
2115,53.1
2116,56.94
2117,7.95
2118,41.2
2119,58.0
2120,56.68
2121,99.02
2122,1.44
2123,79.02
2124,74.01
2125,47.21
2126,91.52
2127,95.89
2128,82.65
2129,66.76
2130,52.75
2131,62.65
2132,54.92
2133,96.6
2134,51.57
2135,25.98
2136,99.02
2137,18.88
2138,61.7
2139,40.71
2140,13.22
2141,96.91
2142,15.87
2143,47.46
2144,25.77
2145,10.44
2146,94.19
2147,33.74
2148,37.51
2149,93.32
2150,19.86
2151,6.81
2152,51.68
2153,22.35
2154,33.82
2155,99.38
2156,93.17
2157,50.54
2158,99.21
2159,85.96
2160,12.48
2161,48.43
2162,95.75
2163,5.09
2164,34.55
2165,35.87
2166,87.33
2167,71.21
2168,31.07
2169,42.37
2170,26.27
2171,58.53
2172,92.58
2173,47.46
2174,23.64
2175,91.17
2176,30.37
2177,80.15
2178,41.45
2179,29.44
2180,77.15
2181,8.92
2182,66.58
2183,40.76
2184,62.72
2185,64.36
2186,22.79
2187,10.49
2188,77.92
2189,31.1
2190,90.67
2191,95.3
2192,53.01
2193,80.66
2194,86.7
2195,22.64
2196,37.55
2197,92.1
2198,19.15
2199,76.66
2200,44.67
2201,57.85
2202,49.21
2203,67.99
2204,33.25
2205,48.03
2206,60.62
2207,7.66
2208,62.36
2209,84.98
2210,52.75
2211,82.11
2212,30.69
2213,1.1
2214,92.29
2215,95.74
2216,51.31
2217,59.89
2218,71.81
2219,5.72
2220,4.47
2221,31.2
2222,92.74
2223,91.03
2224,43.98
2225,43.32
2226,20.02
2227,67.03
2228,32.14
2229,43.3
2230,85.95
2231,33.36
2232,28.1
2233,10.97
2234,94.25
2235,68.02
2236,71.24
2237,93.19
2238,0.41
2239,65.5
2240,49.88
2241,51.1
2242,33.51
2243,58.27
2244,22.57
2245,0.03
2246,2.26
2247,79.39
2248,2.17
2249,63.13
2250,65.85
2251,77.69
2252,27.92
2253,1.24
2254,60.88
2255,20.18
2256,11.87
2257,63.02
2258,68.21
2259,22.31
2260,92.88
2261,78.19
2262,73.12
2263,77.1
2264,32.61
2265,27.59
2266,7.29
2267,34.98
2268,93.68
2269,49.66
2270,42.65
2271,83.27
2272,98.43
2273,6.91
2274,60.63
2275,83.37
2276,31.49
2277,46.95
2278,48.95
2279,18.49
2280,53.95
2281,61.63
2282,80.99
2283,98.04
2284,98.32
2285,86.26
2286,99.63
2287,34.98
2288,52.13
2289,68.29
2290,87.13
2291,54.84
2292,65.36
2293,15.24
2294,25.8
2295,88.88
2296,3.71
2297,39.56
2298,90.88
2299,92.8
2300,57.95
2301,27.38
2302,48.53
2303,2.87
2304,5.81
2305,20.27
2306,99.21
2307,41.5
2308,97.38
2309,17.61
2310,76.75
2311,16.33
2312,24.58
2313,90.18
2314,18.3
2315,2.64
2316,80.56
2317,40.5
2318,27.83
2319,89.0
2320,14.02
2321,63.53
2322,26.08
2323,54.07
2324,62.46
2325,50.77
2326,90.8
2327,35.03
2328,55.59
2329,53.06
2330,99.68
2331,3.16
2332,17.7
2333,31.72
2334,82.47
2335,66.05
2336,58.2
2337,88.47
2338,73.08
2339,97.19
2340,85.13
2341,61.57
2342,32.81
2343,54.98
2344,69.5
2345,67.66
2346,65.53
2347,13.69
2348,32.51
2349,13.21
2350,71.94
2351,66.59
2352,98.91
2353,34.82
2354,94.9
2355,77.95
2356,36.35
2357,68.75
2358,33.92
2359,98.93
2360,83.73
2361,89.17
2362,22.39
2363,7.18
2364,51.4
2365,75.0
2366,97.37
2367,34.85
2368,52.18
2369,49.21
2370,92.77
2371,78.8
2372,88.69
2373,59.58
2374,81.68
2375,20.64
2376,32.08
2377,29.38
2378,14.6
2379,91.46
2380,48.26
2381,40.08
2382,76.55
2383,83.76
2384,36.36
2385,82.53
2386,4.14
2387,14.2
2388,43.66
2389,17.14
2390,6.4
2391,57.92
2392,0.47
2393,16.44
2394,54.66
2395,42.76
2396,68.62
2397,82.03
2398,3.56
2399,14.72
2400,23.68
2401,44.43
2402,63.31
2403,92.2
2404,79.39
2405,21.13
2406,92.96
2407,13.32
2408,47.13
2409,97.79
2410,57.56
2411,35.28
2412,85.64
2413,96.78
2414,1.36
2415,44.01
2416,65.36
2417,74.53
2418,23.03
2419,77.09
2420,60.3
2421,22.75
2422,43.24
2423,58.0
2424,23.45
2425,47.39
2426,97.18
2427,74.39
2428,46.61
2429,0.08
2430,44.16
2431,64.34
2432,78.28
2433,9.71
2434,63.23
2435,18.34
2436,71.0
2437,50.94
2438,24.36
2439,0.33
2440,90.84
2441,94.54
2442,78.21
2443,71.23
2444,41.63
2445,24.65
2446,10.71
2447,41.33
2448,72.0
2449,35.11
2450,51.92
2451,18.26
2452,97.45
2453,60.84
2454,33.55
2455,36.52
2456,61.4
2457,62.83
2458,42.52
2459,78.42
2460,44.71
2461,88.97
2462,46.56
2463,59.14
2464,8.84
2465,33.32
2466,10.23
2467,31.74
2468,36.39
2469,74.31
2470,87.1
2471,16.78
2472,9.12
2473,43.16
2474,63.23
2475,80.34
2476,24.7
2477,89.64
2478,27.03
2479,99.02
2480,51.72
2481,69.13
2482,18.13
2483,12.22
2484,22.51
2485,30.79
2486,52.93
2487,69.47
2488,33.33
2489,73.24
2490,1.01
2491,64.59
2492,94.4
2493,1.61
2494,88.91
2495,86.55
2496,8.39
2497,40.28
2498,37.25
2499,35.76
2500,28.27
2501,18.98
2502,84.8
2503,0.24
2504,81.55
2505,3.49
2506,9.26
2507,0.92
2508,28.01
2509,84.45
2510,67.37
2511,8.02
2512,18.35
2513,74.72
2514,45.76
2515,25.68
2516,73.13
2517,11.15
2518,63.54
2519,52.51
2520,13.81
2521,0.14
2522,53.92
2523,90.47
2524,92.73
2525,34.67
2526,49.0
2527,70.6
2528,53.54
2529,95.28
2530,58.88
2531,54.85
2532,3.19
2533,21.39
2534,52.82
2535,62.94
2536,67.24
2537,15.82
2538,41.26
2539,6.62
2540,72.05
2541,22.82
2542,56.92
2543,86.52
2544,47.35
2545,14.07
2546,47.98
2547,39.17
2548,87.22
2549,19.42
2550,99.09
2551,10.68
2552,20.58
2553,81.26
2554,36.69
2555,59.1
2556,54.02
2557,94.19
2558,3.15
2559,89.56
2560,61.26
2561,58.44
2562,19.7
2563,96.12
2564,94.27
2565,45.91
2566,51.6
2567,91.97
2568,33.87
2569,41.21
2570,89.67
2571,22.02
2572,13.99
2573,8.28
2574,14.68
2575,73.98
2576,98.85
2577,17.38
2578,62.9
2579,37.07
2580,53.23
2581,59.11
2582,64.72
2583,14.62
2584,74.08
2585,12.41
2586,7.21
2587,76.49
2588,7.42
2589,9.43
2590,40.86
2591,65.01
2592,97.47
2593,32.93
2594,79.48
2595,27.53
2596,43.82
2597,14.08
2598,75.97
2599,96.06
2600,49.55
2601,71.22
2602,59.17
2603,32.05
2604,4.68
2605,55.86
2606,74.51
2607,49.6
2608,85.68
2609,83.38
2610,1.33
2611,74.27
2612,62.45
2613,49.38
2614,1.47
2615,36.43
2616,59.26
2617,99.25
2618,27.87
2619,50.6
2620,72.16
2621,95.85
2622,29.84
2623,80.3
2624,92.49
2625,45.94
2626,89.6
2627,89.06
2628,83.63
2629,73.99
2630,74.06
2631,47.02
2632,77.23
2633,11.32
2634,4.79
2635,20.62
2636,9.11
2637,24.55
2638,98.38
2639,67.62
2640,13.39
2641,97.09
2642,18.68
2643,30.96
2644,25.69
2645,34.28
2646,35.06
2647,34.84
2648,19.19
2649,94.7
2650,27.99
2651,60.37
2652,19.78
2653,15.01
2654,55.72
2655,75.46
2656,59.25
2657,40.86
2658,85.63
2659,71.58
2660,36.41
2661,92.44
2662,69.84
2663,9.56
2664,81.21
2665,44.1
2666,89.69
2667,19.77
2668,91.74
2669,52.19
2670,65.73
2671,79.33
2672,20.05
2673,69.8
2674,17.5
2675,98.85
2676,5.42
2677,82.17
2678,21.88
2679,43.38
2680,57.88
2681,18.71
2682,64.01
2683,85.66
2684,79.29
2685,2.87
2686,21.59
2687,18.98
2688,23.92
2689,47.01
2690,93.44
2691,90.98
2692,71.48
2693,55.97
2694,75.37
2695,15.85
2696,78.58
2697,58.26
2698,19.2
2699,96.52
2700,14.87
2701,57.75
2702,8.08
2703,89.31
2704,2.39
2705,48.88
2706,62.98
2707,13.81
2708,4.54
2709,87.82
2710,61.2
2711,7.93
2712,10.14
2713,90.31
2714,59.5
2715,26.16
2716,30.86
2717,42.13
2718,86.03
2719,36.04
2720,95.9
2721,24.79
2722,80.05
2723,97.84
2724,94.77
2725,6.6
2726,77.36
2727,63.45
2728,95.84
2729,26.43
2730,60.62
2731,27.3
2732,5.3
2733,16.09
2734,37.26
2735,18.76
2736,27.95
2737,5.34
2738,8.32
2739,38.66
2740,59.36
2741,41.31
2742,71.7
2743,42.7
2744,75.61
2745,74.72
2746,49.28
2747,22.58
2748,87.42
2749,76.92
2750,50.82
2751,18.65
2752,81.58
2753,57.8
2754,46.16
2755,23.54
2756,61.01
2757,13.69
2758,70.43
2759,99.31
2760,95.91
2761,37.69
2762,64.62
2763,21.67
2764,8.62
2765,70.32
2766,22.34
2767,97.35
2768,51.62
2769,51.24
2770,92.06
2771,93.53
2772,10.86
2773,24.35
2774,37.92
2775,93.78
2776,66.75
2777,52.57
2778,68.77
2779,12.38
2780,19.95
2781,67.13
2782,3.49
2783,79.86
2784,52.52
2785,62.76
2786,48.87
2787,82.78
2788,68.41
2789,86.92
2790,41.84
2791,88.13
2792,14.85
2793,98.21
2794,17.77
2795,97.73
2796,96.17
2797,1.32
2798,86.83
2799,32.19
2800,3.97
2801,43.98
2802,78.59
2803,79.53
2804,91.93
2805,71.08
2806,44.09
2807,90.32
2808,42.13
2809,68.58
2810,95.51
2811,69.7
2812,84.56
2813,92.24
2814,45.55
2815,51.53
2816,57.99
2817,54.48
2818,40.72
2819,65.99
2820,40.14
2821,72.06
2822,74.33
2823,1.86
2824,65.48
2825,52.8
2826,56.75
2827,79.5
2828,66.83
2829,17.66
2830,65.46
2831,7.65
2832,21.62
2833,9.86
2834,41.45
2835,30.85
2836,58.7
2837,74.14
2838,26.82
2839,21.45
2840,28.49
2841,7.04
2842,70.59
2843,91.86
2844,74.51
2845,55.27
2846,90.99
2847,98.24
2848,27.68
2849,97.08
2850,65.89
2851,63.51
2852,49.63
2853,52.63
2854,77.09
2855,10.41
2856,90.86
2857,95.51
2858,51.61
2859,39.37
2860,26.25
2861,81.36
2862,50.93
2863,14.79
2864,24.24
2865,89.65
2866,59.41
2867,47.61
2868,34.17
2869,23.68
2870,18.7
2871,35.36
2872,93.78
2873,8.07
2874,15.2
2875,30.0
2876,8.89
2877,34.31
2878,73.49
2879,51.22
2880,68.18
2881,3.77
2882,6.34
2883,26.62
2884,60.88
2885,68.99
2886,45.56
2887,99.22
2888,67.67
2889,92.72
2890,47.07
2891,98.21
2892,4.73
2893,37.86
2894,12.6
2895,34.33
2896,78.86
2897,30.15
2898,31.0
2899,82.74
2900,68.81
2901,1.93
2902,18.33
2903,30.49
2904,31.07
2905,48.09
2906,21.37
2907,64.01
2908,25.14
2909,29.44
2910,99.68
2911,95.62
2912,63.35
2913,58.97
2914,78.14
2915,86.83
2916,78.39
2917,64.18
2918,70.72
2919,55.93
2920,48.15
2921,81.48
2922,48.46
2923,40.0
2924,49.96
2925,8.25
2926,3.99
2927,34.76
2928,85.27
2929,73.98
2930,45.94
2931,14.44
2932,67.11
2933,55.47
2934,31.21
2935,8.65
2936,5.54
2937,7.84
2938,83.14
2939,24.93
2940,99.02
2941,87.18
2942,49.68
2943,72.63
2944,10.16
2945,35.37
2946,26.5
2947,62.27
2948,19.93
2949,6.91
2950,70.59
2951,63.16
2952,8.89
2953,32.69
2954,14.58
2955,48.16
2956,69.82
2957,74.39
2958,60.51
2959,63.52
2960,6.11
2961,67.09
2962,52.96
2963,51.23
2964,80.16
2965,75.87
2966,84.57
2967,70.75
2968,86.47
2969,25.45
2970,66.18
2971,1.24
2972,91.48
2973,39.74
2974,46.59
2975,20.34
2976,69.83
2977,50.09
2978,38.5
2979,70.74
2980,10.57
2981,63.22
2982,75.79
2983,61.51
2984,16.53
2985,83.04
2986,2.06
2987,20.11
2988,21.75
2989,90.58
2990,70.68
2991,67.85
2992,24.17
2993,19.07
2994,31.62
2995,48.76
2996,73.36
2997,88.24
2998,10.91
2999,11.36
3000,36.58
3001,29.7
3002,14.53
3003,12.67
3004,72.71
3005,73.38
3006,42.41
3007,14.23
3008,89.91
3009,1.51
3010,54.32
3011,46.49
3012,50.95
3013,23.75
3014,91.3
3015,98.53
3016,28.25
3017,60.64
3018,97.54
3019,46.45
3020,65.09
3021,49.79
3022,97.75
3023,7.52
3024,12.15
3025,97.28
3026,68.95
3027,88.74
3028,49.94
3029,0.03
3030,77.45
3031,40.17
3032,69.1
3033,76.81
3034,60.53
3035,88.53
3036,99.89
3037,11.43
3038,57.75
3039,52.39
3040,49.8
3041,25.98
3042,60.5
3043,88.19
3044,94.59
3045,63.22
3046,59.32
3047,37.5
3048,42.84
